Link	LinkState	VOT	VOTFlow	TotalCostForThisVOT
79235	7923501	0.35	0.0	0.2835
79235	7923501	1.0	0.0	0.81
79235	7923501	0.17	0.0	0.13770000000000002
79235	7923501	0.45	0.0	0.36450000000000005
79235	7923501	0.9	0.0	0.7290000000000001
79237	7923701	0.35	497.01771557407346	0.08127257401724909
79237	7923701	1.0	1.808123474747476	0.23220735433499742
79237	7923701	0.17	0.0	0.03947525023694957
79237	7923701	0.45	1377.8464788323242	0.10449330945074885
79237	7923701	0.9	34.8171395286196	0.2089866189014977
75397	7539701	0.35	1408.5169198922556	0.15564970353959623
75397	7539701	1.0	0.8336063838383844	0.4447134386845607
75397	7539701	0.17	3311.3971589999987	0.07560128457637533
75397	7539701	0.45	3230.5819972525237	0.2001210474080523
75397	7539701	0.9	16.051884831649872	0.4002420948161046
75399	7539901	0.35	1408.5169198922556	0.058855911348703396
75399	7539901	1.0	0.8336063838383844	0.16815974671058115
75399	7539901	0.17	3311.3971589999987	0.0285871569407988
75399	7539901	0.45	3230.5819972525237	0.07567188601976152
75399	7539901	0.9	16.051884831649872	0.15134377203952304
79497	7949701	0.35	152.87316617870368	0.15196303475419923
79497	7949701	1.0	440.53548000000023	0.3150406707262835
79497	7949701	0.17	0.0	0.1068030740234682
79497	7949701	0.45	2734.315811480927	0.1770519018268276
79497	7949701	0.9	8482.930225000007	0.2899518036536552
79499	7949901	0.35	0.0	0.13800010000000004
79499	7949901	1.0	0.0	0.39428600000000014
79499	7949901	0.17	0.9071222222222248	0.06702862000000002
79499	7949901	0.45	0.0	0.17742870000000008
79499	7949901	0.9	0.0	0.35485740000000016
79498	7949801	0.35	22.996819999999968	0.039200008547446305
79498	7949801	1.0	4.028640000000005	0.11200002442127517
79498	7949801	0.17	52.97593777777781	0.01904000415161678
79498	7949801	0.45	81.31617999999996	0.05040001098957383
79498	7949801	0.9	77.57530000000004	0.10080002197914766
79245	7924501	0.35	1754.379398074076	0.2115194501320921
79245	7924501	1.0	0.0	0.6043412860916918
79245	7924501	0.17	4124.513431500001	0.10273801863558761
79245	7924501	0.45	4822.46267591313	0.2719535787412613
79245	7924501	0.9	0.0	0.5439071574825226
79245	7924502	0.35	4.233541018518519	0.3941568088764251
79245	7924502	1.0	0.0	1.1261623110755004
79245	7924502	0.17	1178.4324090000007	0.19144759288283508
79245	7924502	0.45	0.0	0.5067730399839752
79245	7924502	0.9	0.0	1.0135460799679503
79245	7924503	0.35	250.62562829629604	0.157665812144551
79245	7924503	1.0	0.0	0.45047374898443143
79245	7924503	0.17	589.2162045000003	0.07658053732735334
79245	7924503	0.45	688.9232394161621	0.20271318704299415
79245	7924503	0.9	0.0	0.4054263740859883
79500	7950001	0.35	944.7400795285189	0.15589560373288508
79500	7950001	1.0	0.0	0.44541601066538594
79500	7950001	0.17	2356.8648180000014	0.07572072181311562
79500	7950001	0.45	2463.0732294076242	0.20043720479942367
79500	7950001	0.9	0.0	0.40087440959884735
79246	7924601	0.35	0.0	0.020999999999999998
79246	7924601	1.0	0.0	0.06
79246	7924601	0.17	0.0	0.0102
79246	7924601	0.45	0.0	0.027
79246	7924601	0.9	0.0	0.054
75409	7540901	0.35	0.0	0.27825
75409	7540901	1.0	0.0	0.795
75409	7540901	0.17	0.0	0.13515000000000002
75409	7540901	0.45	0.0	0.35775
75409	7540901	0.9	0.0	0.7155
90001	9000101	0.35	22.996819999999968	0.0
90001	9000101	1.0	4.028640000000005	0.0
90001	9000101	0.17	53.88306000000005	0.0
90001	9000101	0.45	81.31617999999996	0.0
90001	9000101	0.9	77.57530000000004	0.0
75411	7541101	0.35	1097.7393630707074	0.20785899786884235
75411	7541101	1.0	0.9745170909090919	0.5938828510538353
75411	7541101	0.17	2580.764885999999	0.100960084679152
75411	7541101	0.45	3658.650396909089	0.2672472829742259
75411	7541101	0.9	18.765254696969706	0.5344945659484518
90003	9000301	0.35	0.0	0.0
90003	9000301	1.0	0.0	0.0
90003	9000301	0.17	0.0	0.0
90003	9000301	0.45	0.0	0.0
90003	9000301	0.9	0.0	0.0
90002	9000201	0.35	0.0	0.0
90002	9000201	1.0	355.6512959999999	0.0
90002	9000201	0.17	0.0	0.0
90002	9000201	0.45	0.0	0.0
90002	9000201	0.9	6848.404419999999	0.0
79509	7950901	0.35	0.0	0.17400005
79509	7950901	1.0	0.0	0.497143
79509	7950901	0.17	0.0	0.08451431000000001
79509	7950901	0.45	0.0	0.22371435
79509	7950901	0.9	0.0	0.4474287
90005	9000501	0.35	2537.7201849999988	0.0
90005	9000501	1.0	444.56412000000006	0.0
90005	9000501	0.17	5946.045104999998	0.0
90005	9000501	0.45	8973.315065000003	0.0
90005	9000501	0.9	8560.505525000004	0.0
75412	7541201	0.35	1408.5169198922556	0.07533139794664341
75412	7541201	1.0	0.8336063838383844	0.21523256556183834
75412	7541201	0.17	3311.3971589999987	0.03658953614551252
75412	7541201	0.45	3230.5819972525237	0.09685465450282725
75412	7541201	0.9	16.051884831649872	0.1937093090056545
90004	9000401	0.35	2537.7201849999988	0.0
90004	9000401	1.0	88.91282399999997	0.0
90004	9000401	0.17	5946.045104999998	0.0
90004	9000401	0.45	8973.315065000003	0.0
90004	9000401	0.9	1712.1011049999997	0.0
79511	7951101	0.35	2537.7201849999988	0.14684122190197843
79511	7951101	1.0	88.91282399999997	0.419546348291367
79511	7951101	0.17	5946.045104999998	0.0713228792095324
79511	7951101	0.45	8973.315065000003	0.18879585673111515
79511	7951101	0.9	1712.1011049999997	0.3775917134622303
79510	7951001	0.35	0.0	0.35305792945708175
79510	7951001	1.0	355.6512959999999	0.7211602270202336
79510	7951001	0.17	0.0	0.2511219085934397
79510	7951001	0.45	0.0	0.4096890521591051
79510	7951001	0.9	6848.404419999999	0.6645291043182103
79510	7951002	0.35	0.0	0.446
79510	7951002	1.0	0.0	0.81
79510	7951002	0.17	0.0	0.3452
79510	7951002	0.45	0.0	0.502
79510	7951002	0.9	0.0	0.7540000000000001
79899	7989901	0.35	1097.7393630707074	0.050633849495598265
79899	7989901	1.0	0.9745170909090919	0.14466814141599504
79899	7989901	0.17	2580.764885999999	0.02459358404071916
79899	7989901	0.45	3658.650396909089	0.06510066363719777
79899	7989901	0.9	18.765254696969706	0.13020132727439554
79515	7951501	0.35	175.8699861787039	0.07548670728659491
79515	7951501	1.0	88.91282399999997	0.21567630653312833
79515	7951501	0.17	52.97593777777781	0.03666497211063182
79515	7951501	0.45	2815.6319914809283	0.09705433793990775
79515	7951501	0.9	1712.1011049999997	0.1941086758798155
79258	7925801	0.35	1608.2375621148183	0.09834278607082116
79258	7925801	1.0	0.0	0.28097938877377476
79258	7925801	0.17	4715.713528944446	0.04776649609154171
79258	7925801	0.45	4409.108732263438	0.12644072494819864
79258	7925801	0.9	0.0	0.25288144989639727
79517	7951701	0.35	1.6934164074074087	0.11454555000032278
79517	7951701	1.0	0.0	0.32727300000092224
79517	7951701	0.17	3.967785888888895	0.05563641000015679
79517	7951701	0.45	3.832241943703709	0.147272850000415
79517	7951701	0.9	0.0	0.29454570000083
79901	7990101	0.35	1408.5169198922556	0.04222935260627476
79901	7990101	1.0	0.8336063838383844	0.12065529316078503
79901	7990101	0.17	3311.3971589999987	0.02051139983733346
79901	7990101	0.45	3230.5819972525237	0.054294881922353266
79901	7990101	0.9	16.051884831649872	0.10858976384470653
79900	7990001	0.35	3.7085789292929325	0.0827792708686126
79900	7990001	1.0	191.97986690909093	0.2365122024817503
79900	7990001	0.17	0.0	0.040207074421897554
79900	7990001	0.45	236.04196109090907	0.10643049111678764
79900	7990001	0.9	3696.755175303034	0.21286098223357527
79260	7926001	0.35	755.094376062963	0.026604926486623458
79260	7926001	1.0	0.0	0.07601407567606702
79260	7926001	0.17	1176.4485160555555	0.012922392864931395
79260	7926001	0.45	3471.1014130501676	0.03420633405423016
79260	7926001	0.9	0.0	0.06841266810846032
79516	7951601	0.35	0.0	0.11999995
79516	7951601	1.0	0.0	0.342857
79516	7951601	0.17	0.0	0.05828569000000001
79516	7951601	0.45	0.0	0.15428565000000002
79516	7951601	0.9	0.0	0.30857130000000005
79903	7990301	0.35	4.758503107744109	0.15649037547869243
79903	7990301	1.0	246.74748961616172	0.44711535851054984
79903	7990301	0.17	0.0	0.07600961094679348
79903	7990301	0.45	1766.7245297474735	0.20120191132974743
79903	7990301	0.9	4751.357910168352	0.40240382265949487
79519	7951901	0.35	1.6934164074074087	0.09000005000003666
79519	7951901	1.0	0.0	0.25714300000010476
79519	7951901	0.17	3.967785888888895	0.04371431000001781
79519	7951901	0.45	3.832241943703709	0.11571435000004715
79519	7951901	0.9	0.0	0.2314287000000943
79902	7990201	0.35	8.467082037037041	0.3974267106771187
79902	7990201	1.0	438.72735652525256	1.1355048876489107
79902	7990201	0.17	0.0	0.19303583090031481
79902	7990201	0.45	2002.7664908383833	0.5109771994420098
79902	7990201	0.9	8448.113085471387	1.0219543988840196
79518	7951801	0.35	2360.156782413887	0.10420019935020462
79518	7951801	1.0	0.0	0.29771485528629893
79518	7951801	0.17	5889.101381333329	0.05061152539867082
79518	7951801	0.45	6153.850831575372	0.1339716848788345
79518	7951801	0.9	0.0	0.267943369757669
79264	7926401	0.35	354.093370788889	0.09274005367611163
79264	7926401	1.0	0.0	0.2649715819317475
79264	7926401	0.17	0.0	0.045045168928397085
79264	7926401	0.45	2368.824229984308	0.11923721186928639
79264	7926401	0.9	0.0	0.23847442373857278
79269	7926901	0.35	345.45694711111145	0.13758274428315714
79269	7926901	1.0	0.0	0.3930935550947347
79269	7926901	0.17	1013.7692946111122	0.0668259043661049
79269	7926901	0.45	1004.9095417521892	0.17689209979263062
79269	7926901	0.9	0.0	0.35378419958526125
79525	7952501	0.35	2536.026768592588	0.05208443431373656
79525	7952501	1.0	88.91282399999997	0.14881266946781876
79525	7952501	0.17	5942.077319111113	0.02529815380952919
79525	7952501	0.45	8969.482823056293	0.06696570126051844
79525	7952501	0.9	1712.1011049999997	0.13393140252103689
79268	7926801	0.35	55.544058162962976	0.15225038349427603
79268	7926801	1.0	0.0	0.4350010956979315
79268	7926801	0.17	162.67922144444438	0.07395018626864835
79268	7926801	0.45	97.36764131367003	0.19575049306406916
79268	7926801	0.9	0.0	0.39150098612813833
79273	7927301	0.35	401.00100527407466	0.03158147251374335
79273	7927301	1.0	0.0	0.0902327786106953
79273	7927301	0.17	1176.4485160555555	0.015339572363818202
79273	7927301	0.45	1102.2771830658594	0.040604750374812884
79273	7927301	0.9	0.0	0.08120950074962577
79531	7953101	0.35	0.0	0.21600005
79531	7953101	1.0	0.0	0.617143
79531	7953101	0.17	0.0	0.10491431000000001
79531	7953101	0.45	0.0	0.27771435
79531	7953101	0.9	0.0	0.5554287
79531	7953102	0.35	0.0	0.43189999999999995
79531	7953102	1.0	0.0	1.234
79531	7953102	0.17	0.0	0.20978000000000002
79531	7953102	0.45	0.0	0.5553
79531	7953102	0.9	0.0	1.1106
79274	7927401	0.35	401.00100527407466	0.04210863001832447
79274	7927401	1.0	0.0	0.12031037148092706
79274	7927401	0.17	1176.4485160555555	0.020452763151757602
79274	7927401	0.45	1102.2771830658594	0.05413966716641718
79274	7927401	0.9	0.0	0.10827933433283436
79279	7927901	0.35	345.45694711111145	0.10583288021781317
79279	7927901	1.0	0.0	0.3023796577651805
79279	7927901	0.17	1013.7692946111122	0.05140454182008069
79279	7927901	0.45	1004.9095417521892	0.13607084599433122
79279	7927901	0.9	0.0	0.27214169198866245
79278	7927801	0.35	409.63742895185214	0.09118176210123898
79278	7927801	1.0	0.0	0.26051932028925423
79278	7927801	0.17	162.67922144444438	0.044288284449173224
79278	7927801	0.45	2466.191871297976	0.1172336941301644
79278	7927801	0.9	0.0	0.2344673882603288
75317	7531701	0.35	0.0	0.098
75317	7531701	1.0	0.0	0.28
75317	7531701	0.17	0.0	0.04760000000000001
75317	7531701	0.45	0.0	0.12600000000000003
75317	7531701	0.9	0.0	0.25200000000000006
75316	7531601	0.35	1101.447941999999	0.08975411043721195
75316	7531601	1.0	192.95438400000018	0.25644031553489127
75316	7531601	0.17	2580.764885999999	0.04359485364093152
75316	7531601	0.45	3894.6923579999993	0.11539814199070107
75316	7531601	0.9	3715.520430000003	0.23079628398140214
79288	7928801	0.35	755.094376062963	0.021283941189298765
79288	7928801	1.0	0.0	0.06081126054085362
79288	7928801	0.17	1176.4485160555555	0.010337914291945116
79288	7928801	0.45	3471.1014130501676	0.02736506724338413
79288	7928801	0.9	0.0	0.05473013448676826
79292	7929201	0.35	1.4817393564814831	0.05346468890929272
79292	7929201	1.0	0.0	0.15275625402655063
79292	7929201	0.17	0.0	0.02596856318451361
79292	7929201	0.45	1722.5270717945302	0.06874031431194778
79292	7929201	0.9	0.0	0.13748062862389557
79294	7929401	0.35	2361.850198821297	0.2806688665423523
79294	7929401	1.0	0.0	0.8019110472638638
79294	7929401	0.17	5892.162045000004	0.13632487803485685
79294	7929401	0.45	6157.683073519071	0.3608599712687387
79294	7929401	0.9	0.0	0.7217199425374774
79298	7929801	0.35	1.4817393564814831	0.22584975096053556
79298	7929801	1.0	0.0	0.6452850027443874
79298	7929801	0.17	0.0	0.10969845046654586
79298	7929801	0.45	1721.32949618712	0.29037825123497435
79298	7929801	0.9	0.0	0.5807565024699487
79298	7929802	0.35	0.0	0.45149999999999996
79298	7929802	1.0	0.0	1.29
79298	7929802	0.17	0.0	0.21930000000000002
79298	7929802	0.45	1.1975756074074093	0.5805
79298	7929802	0.9	0.0	1.161
79300	7930001	0.35	753.6126367064819	0.0771543694354516
79300	7930001	1.0	0.0	0.22044105552986176
79300	7930001	0.17	1176.4485160555555	0.0374749794400765
79300	7930001	0.45	1748.5743412556392	0.0991984749884378
79300	7930001	0.9	0.0	0.1983969499768756
79304	7930401	0.35	0.0	0.12218184999999998
79304	7930401	1.0	0.0	0.349091
79304	7930401	0.17	0.0	0.059345470000000004
79304	7930401	0.45	0.0	0.15709095
79304	7930401	0.9	0.0	0.3141819
75236	7523601	0.35	0.0	0.08925
75236	7523601	1.0	0.0	0.255
75236	7523601	0.17	0.0	0.04335000000000001
75236	7523601	0.45	0.0	0.11475
75236	7523601	0.9	0.0	0.2295
79207	7920701	0.35	0.0	0.7884175514635781
79207	7920701	1.0	264.32128799999987	1.60762843275308
79207	7920701	0.17	0.0	0.5615591535680237
79207	7920701	0.45	1.7963634111111109	0.914449994738886
79207	7920701	0.9	5089.758135000005	1.4815959894777722
79207	7920702	0.35	151.39142682222214	0.589999163910033
79207	7920702	1.0	132.16064399999993	1.40714046831438
79207	7920702	0.17	0.0	0.3637138796134446
79207	7920702	0.45	1009.6929823734341	0.7157132107414711
79207	7920702	0.9	2544.8790675000023	1.281426421482942
79207	7920703	0.35	0.0	0.8896011678637836
79207	7920703	1.0	44.05354800000006	1.7060033367536676
79207	7920703	0.17	0.0	0.6635205672481235
79207	7920703	0.45	0.29939390185185233	1.0152015015391505
79207	7920703	0.9	848.2930225000009	1.5804030030783007
79209	7920901	0.35	1.4817393564814831	0.11486789492589057
79209	7920901	1.0	0.0	0.3281939855025445
79209	7920901	0.17	0.0	0.055792977535432574
79209	7920901	0.45	1722.5270717945302	0.14768729347614504
79209	7920901	0.9	0.0	0.2953745869522901
75240	7524001	0.35	1101.447941999999	0.11112395016813864
75240	7524001	1.0	192.95438400000018	0.31749700048039614
75240	7524001	0.17	2580.764885999999	0.053974490081667346
75240	7524001	0.45	3894.6923579999993	0.14287365021617826
75240	7524001	0.9	3715.520430000003	0.2857473004323565
79210	7921001	0.35	2361.850198821297	0.07512903650126301
79210	7921001	1.0	0.0	0.21465439000360864
79210	7921001	0.17	5892.162045000004	0.03649124630061347
79210	7921001	0.45	6157.683073519071	0.0965944755016239
79210	7921001	0.9	0.0	0.1931889510032478
79477	7947701	0.35	175.8699861787039	0.3155466884013316
79477	7947701	1.0	444.56411999999995	0.6550671097180902
79477	7947701	0.17	52.97593777777781	0.22152564865207536
79477	7947701	0.45	2815.631991480928	0.36778059937314056
79477	7947701	0.9	8560.505525000004	0.6028331987462812
79479	7947901	0.35	943.0466631211108	0.1581690953171191
79479	7947901	1.0	0.0	0.4519117009060546
79479	7947901	0.17	2353.804154333333	0.07682498915402929
79479	7947901	0.45	2459.2409874639225	0.20336026540772456
79479	7947901	0.9	0.0	0.4067205308154491
75385	7538501	0.35	2506.256282962964	0.21120730191224266
75385	7538501	1.0	1.808123474747476	0.6034494340349791
75385	7538501	0.17	5892.162045000005	0.10258640378594645
75385	7538501	0.45	6889.23239416163	0.27155224531574057
75385	7538501	0.9	34.8171395286196	0.5431044906314811
79225	7922501	0.35	0.0	0.19949999999999998
79225	7922501	1.0	0.0	0.57
79225	7922501	0.17	0.0	0.0969
79225	7922501	0.45	0.0	0.2565
79225	7922501	0.9	0.0	0.513
79224	7922401	0.35	353.83935832777763	0.38667697139661794
79224	7922401	1.0	308.3748360000001	0.7925666325617656
79224	7922401	0.17	0.0	0.2742767575355002
79224	7922401	0.45	2366.429078769495	0.4491215346527946
79224	7922401	0.9	5938.051157500001	0.7301220693055891
79224	7922402	0.35	101.0969595222224	0.5128383571604939
79224	7922402	1.0	88.10709600000013	0.9081095918871254
79224	7922402	0.17	0.0	0.4033786306208113
79224	7922402	0.45	676.1225939341409	0.5736493163492065
79224	7922402	0.9	1696.5860450000018	0.8472986326984129
79224	7922403	0.35	50.5484797611112	0.8128023973225309
79224	7922403	1.0	44.05354800000006	1.2080068494929455
79224	7922403	0.17	0.0	0.7033611644138007
79224	7922403	0.45	338.06129696707046	0.8736030822718255
79224	7922403	0.9	848.2930225000009	1.1472061645436509
79480	7948001	0.35	1.6934164074074087	0.1499998500000611
79480	7948001	1.0	0.0	0.4285710000001746
79480	7948001	0.17	3.967785888888895	0.0728570700000297
79480	7948001	0.45	3.832241943703709	0.19285695000007858
79480	7948001	0.9	0.0	0.38571390000015715
79227	7922701	0.35	1406.4669971722221	0.32699284867613954
79227	7922701	1.0	0.0	0.9342652819318272
79227	7922701	0.17	4124.513431500001	0.15882509792841065
79227	7922701	0.45	3857.970140730503	0.42041937686932224
79227	7922701	0.9	0.0	0.8408387537386445
79227	7922702	0.35	0.8467082037037044	0.6268500000000002
79227	7922702	1.0	0.0	1.7910000000000008
79227	7922702	0.17	1.9838929444444475	0.3044700000000002
79227	7922702	0.45	0.0	0.8059500000000004
79227	7922702	0.9	0.0	1.6119000000000008
79227	7922703	0.35	200.9238567388894	0.2507095340930265
79227	7922703	1.0	0.0	0.7163129545515043
79227	7922703	0.17	589.2162045000003	0.12177320227375575
79227	7922703	0.45	551.1385915329297	0.32234082954817694
79227	7922703	0.9	0.0	0.6446816590963539
79226	7922601	0.35	401.00100527407466	0.25228175683695714
79226	7922601	1.0	0.0	0.7208050195341633
79226	7922601	0.17	1176.4485160555555	0.12253685332080777
79226	7922601	0.45	1102.2771830658594	0.3243622587903735
79226	7922601	0.9	0.0	0.648724517580747
79482	7948201	0.35	1417.1101192927788	0.2765311367176356
79482	7948201	1.0	0.0	0.7900889620503874
79482	7948201	0.17	3535.2972270000014	0.13431512354856587
79482	7948201	0.45	3694.6098441114386	0.35554003292267433
79482	7948201	0.9	0.0	0.7110800658453487
79482	7948202	0.35	0.0	0.5363085
79482	7948202	1.0	0.0	1.53231
79482	7948202	0.17	0.0	0.2604927
79482	7948202	0.45	0.0	0.6895395000000001
79482	7948202	0.9	0.0	1.3790790000000002
75386	7538601	0.35	1413.2754230000012	0.27216959262136525
75386	7538601	1.0	247.58109600000023	0.777627407489615
75386	7538601	0.17	3311.3971589999987	0.13219665927323457
75386	7538601	0.45	4997.306527000003	0.34993233337032675
75386	7538601	0.9	4767.409795000005	0.6998646667406535
79231	7923101	0.35	0.0	0.13124999999999998
79231	7923101	1.0	0.0	0.375
79231	7923101	0.17	0.0	0.06375
79231	7923101	0.45	0.0	0.16875
79231	7923101	0.9	0.0	0.3375
79487	7948701	0.35	283.4220238585556	0.13801970295807295
79487	7948701	1.0	0.0	0.394342008451637
79487	7948701	0.17	707.3315820666666	0.0670381414367783
79487	7948701	0.45	738.9219688222885	0.17745390380323667
79487	7948701	0.9	0.0	0.35490780760647334
79487	7948702	0.35	661.3180556699626	0.20786156286064367
79487	7948702	1.0	0.0	0.5938901796018391
79487	7948702	0.17	1650.4403581555566	0.10096133053231265
79487	7948702	0.45	1724.151260585341	0.2672505808208276
79487	7948702	0.9	0.0	0.5345011616416552
