Iter. #	RelGap	SPTT	TSTT	SORobjective	Runtime
1	1.2164782956641017E301	1.4777848000000002E7	1.7976931348623157E308	0.0	0.000 s
2	1.2716195088354079	5.542393104998401E7	1.2590208302949218E8	1.2589395502949218E8	0.000 s
3	0.07876993389471787	5.7449194849065915E7	6.19744641296316E7	6.197040012963161E7	0.000 s
4	0.02655277049769711	5.951719697591687E7	6.109754344788463E7	6.109230718121796E7	0.000 s
5	0.1035332216836462	5.711175624655226E7	6.302472036676892E7	6.3018653166768916E7	0.016 s
6	0.029921482378724162	5.8333763121801265E7	6.007919578713491E7	6.0074230027134895E7	0.000 s
7	0.041668340820637084	5.82445017231558E7	6.067145347188444E7	6.066588867188442E7	0.000 s
8	0.017054835429929582	5.894421609819769E7	5.994950000329866E7	5.994442882615582E7	0.000 s
9	0.03042520045891628	5.86852881350661E7	6.0470799790564746E7	6.046529251056476E7	0.000 s
10	0.019789836111299808	5.870972833833678E7	5.9871584240291394E7	5.986660425806918E7	0.000 s
11	0.01920778538178336	5.898321374320593E7	6.011615065391328E7	6.0110812669913284E7	0.000 s
12	0.01468587291581569	5.907879407827004E7	5.994641774012316E7	5.994137326012315E7	0.000 s
13	0.014837976160527289	5.92687378051732E7	6.014816592379091E7	6.014284270779089E7	0.000 s
14	0.013546039938944876	5.922737093459275E7	6.002966726675145E7	6.0024591264289886E7	0.015 s
15	0.00828083459959994	5.948617035717644E7	5.997876549486784E7	5.9973500841153525E7	0.000 s
16	0.006119266134636758	5.950041254740389E7	5.986451140690213E7	5.985934056410745E7	0.000 s
17	0.007717632215832326	5.943667425883116E7	5.989538465089305E7	5.989009966577303E7	0.000 s
18	0.009612345151221557	5.9278679256891795E7	5.98484863820176E7	5.984337103865758E7	0.000 s
19	0.00796372451423788	5.949722627814553E7	5.997104579758595E7	5.996574856707928E7	0.016 s
20	0.009031078823785954	5.938062347819169E7	5.991689456942879E7	5.9911765117369816E7	0.000 s
21	0.004529279042271739	5.963101706819008E7	5.990110258406639E7	5.989584374861036E7	0.000 s
22	0.005255535113863674	5.953472691066557E7	5.9847613758438855E7	5.984242165372266E7	0.000 s
23	0.004822652683688533	5.957442327850443E7	5.9861730030807704E7	5.985645587994223E7	0.000 s
24	0.007244319534241539	5.940166344583054E7	5.983198807669761E7	5.9826835672217615E7	0.000 s
25	0.005224787245821094	5.960681029608626E7	5.9918243198285334E7	5.9912958922658645E7	0.000 s
26	0.005996463524579498	5.952209333627837E7	5.987901539787599E7	5.9873843533914395E7	0.000 s
27	0.0029232275438220157	5.970073478842029E7	5.987525362074021E7	5.98700115546233E7	0.000 s
28	0.0047949271829854645	5.955773305758788E7	5.9843308050782695E7	5.983809566853675E7	0.000 s
29	0.0028857554051551215	5.9677336949818015E7	5.984955114748622E7	5.9844275024606235E7	0.000 s
30	0.0061572136613521344	5.946533123381078E7	5.983147198366044E7	5.9826292486259066E7	0.000 s
31	0.0028492639185553337	5.971003970629255E7	5.98801693680032E7	5.987489407806186E7	0.000 s
32	0.003769954074979376	5.962179295291433E7	5.984656437421474E7	5.984133481975795E7	0.000 s
33	0.003329929194313408	5.965883813917865E7	5.985749784599712E7	5.985221305511711E7	0.000 s
34	0.004973741328930359	5.953541964141034E7	5.983153341861604E7	5.982633380370209E7	0.000 s
35	0.002090418212567391	5.970588552611184E7	5.983069579661309E7	5.982544331390252E7	0.000 s
36	0.004825172806268707	5.956505210695599E7	5.985246377658646E7	5.98471614470962E7	0.000 s
37	0.003252161691362776	5.961972797039659E7	5.981362096575139E7	5.980839720141361E7	0.000 s
38	0.0025537930310328694	5.967206200807633E7	5.982445210417992E7	5.981918041131073E7	0.000 s
39	0.004338757776793711	5.954543566242351E7	5.9803788884476416E7	5.9798590815524824E7	0.000 s
40	0.0018410438066733814	5.969551901554792E7	5.9805421081117645E7	5.9800176882652014E7	0.016 s
41	0.0039341785169613175	5.958981305371034E7	5.982425001605599E7	5.981896199455197E7	0.000 s
42	0.002888471290753758	5.962104023195496E7	5.979325389498983E7	5.9788034508546904E7	0.000 s
43	0.0023607908884180073	5.9662656763361424E7	5.980350781982718E7	5.9798246106394775E7	0.000 s
44	0.0024099602393448105	5.9634550659566715E7	5.977826755554747E7	5.9773038498475835E7	0.000 s
45	0.0024593078336732077	5.964398762455082E7	5.979067055054739E7	5.978540131022739E7	0.000 s
46	0.0033500681107372365	5.9570699934736356E7	5.977026583692202E7	5.976505871340913E7	0.000 s
47	0.001286930673395803	5.969903287326166E7	5.977586138983832E7	5.9770615353358336E7	0.000 s
48	0.0024100100153585657	5.963761510913305E7	5.978134235883816E7	5.9776078762206994E7	0.000 s
49	0.0030129807797252273	5.958131133500746E7	5.976082868089066E7	5.975562320118932E7	0.000 s
50	0.0013306096265757184	5.968836075001808E7	5.976778265742658E7	5.976254061363754E7	0.000 s
51	0.002538413072439516	5.960080305274087E7	5.975209451033784E7	5.974686849539255E7	0.000 s
52	0.001383533825198402	5.967852302466349E7	5.9761090279906E7	5.9755829537410624E7	0.000 s
53	0.003348528273235507	5.954746336789955E7	5.974685973258642E7	5.974165258160057E7	0.000 s
54	0.0015537758140917735	5.965814522874057E7	5.975084061191057E7	5.974559968792446E7	0.000 s
55	0.002459082652368938	5.961744121447206E7	5.976404542994119E7	5.9758771983806655E7	0.000 s
56	0.00234013107445441	5.9604544061312184E7	5.974402650704874E7	5.973880396022576E7	0.000 s
57	0.0012726323491953906	5.967653458185955E7	5.97524808702563E7	5.974722663462659E7	0.000 s
58	0.00201743771780194	5.961652284115003E7	5.973679546293397E7	5.973156573161495E7	0.000 s
59	0.0014664991051094312	5.965885770457316E7	5.974634736600877E7	5.97410871624711E7	0.000 s
60	0.0027412839221465646	5.956863834050476E7	5.973193289105175E7	5.972671991157406E7	0.000 s
61	0.0011812168966851555	5.966701988960827E7	5.973749958167672E7	5.973225686652368E7	0.000 s
62	0.0024162017156090787	5.960613898865035E7	5.975015944393556E7	5.9744887968047276E7	0.000 s
63	0.0018851401684860658	5.961896540576139E7	5.973135551225137E7	5.972612915720001E7	0.015 s
64	0.0011946292520661483	5.966894435603622E7	5.9740226622403845E7	5.973497215997235E7	0.000 s
65	0.0017815877326556873	5.96200863111499E7	5.9726304725541726E7	5.972107276981374E7	0.000 s
66	0.0012644719074939026	5.9659844764946975E7	5.97352829626577E7	5.9730023850556284E7	0.000 s
67	0.002434079076326423	5.957713698626478E7	5.972215244883048E7	5.971693553563968E7	0.000 s
68	0.0010465847353453572	5.966546821096646E7	5.972791317922329E7	5.972266969578162E7	0.000 s
69	0.0021258864855120407	5.9612611397791415E7	5.973934104272807E7	5.9734071770513475E7	0.000 s
70	0.001682434963345969	5.962237067366755E7	5.97226814346865E7	5.9717452673895314E7	0.000 s
71	0.001084884306235212	5.966630643442869E7	5.9731037473890424E7	5.972578345082482E7	0.000 s
72	0.0014126713308384442	5.963489580417455E7	5.971914031179464E7	5.9713899387937516E7	0.000 s
73	0.0014062858676680001	5.964435794996205E7	5.972823496763322E7	5.9722969652163E7	0.000 s
74	0.0020074653055448533	5.9595398698500544E7	5.9715034393757895E7	5.9709807315705076E7	0.000 s
75	7.663893495468699E-4	5.967572348336512E7	5.972145832226927E7	5.971620732473067E7	0.000 s
76	0.0021828497260538704	5.960237137803951E7	5.973247439807422E7	5.9727200118902795E7	0.000 s
77	0.0013469486715451673	5.963613486020126E7	5.9716461672827296E7	5.971122423964497E7	0.000 s
78	0.0011774596201854504	5.9654679575857654E7	5.9724920552213326E7	5.971966026595546E7	0.000 s
79	0.0019090887162891423	5.959922735036909E7	5.971300756280323E7	5.970778299836918E7	0.000 s
80	7.450852655304097E-4	5.967464848842464E7	5.971911118973906E7	5.9713864187892765E7	0.000 s
81	0.0019170055377097928	5.961497631374106E7	5.972925855346494E7	5.9723989675141744E7	0.000 s
82	0.0012942532795952033	5.963763798256857E7	5.971482419111482E7	5.97095898176598E7	0.000 s
83	0.0011588851947932355	5.965357987826484E7	5.972271152880217E7	5.971745565843807E7	0.000 s
84	0.0010719159664043243	5.964784256547406E7	5.971178004028157E7	5.9706535397521086E7	0.000 s
85	0.0013087531078239678	5.964212288534278E7	5.972017969902619E7	5.971491419344144E7	0.000 s
86	0.0015903906467908957	5.961351036975709E7	5.9708319139071524E7	5.970308647491716E7	0.000 s
87	6.739876692074542E-4	5.9674494322454214E7	5.971471419579374E7	5.970946101471097E7	0.000 s
88	0.0013654299426719696	5.962462711937942E7	5.970604037056887E7	5.970079652948016E7	0.000 s
89	7.752820026205587E-4	5.966671020898746E7	5.971296873556807E7	5.970770497085535E7	0.000 s
90	0.001856287752894925	5.959260570506351E7	5.9703226729196906E7	5.969799431033489E7	0.000 s
91	8.352680807197643E-4	5.9658535602713406E7	5.970836647324483E7	5.9703114446592376E7	0.000 s
92	0.0014324669174587967	5.963121502752198E7	5.971663477029678E7	5.971136356679435E7	0.000 s
93	0.001316298645652747	5.9626424210860655E7	5.9704910392294526E7	5.9699669593351915E7	0.000 s
94	6.965998129642159E-4	5.966988608241497E7	5.971145211389957E7	5.97061924297843E7	0.000 s
95	0.001137539537459542	5.963479872890533E7	5.9702635670267895E7	5.969738842178586E7	0.000 s
96	9.001218279651724E-4	5.965584765172851E7	5.97095451823656E7	5.970427951418334E7	0.000 s
97	0.0015946059893019449	5.960475894052675E7	5.969980504612421E7	5.969456845798554E7	0.000 s
98	6.546596957535122E-4	5.966610159585467E7	5.970516258777221E7	5.969990784982056E7	0.000 s
99	0.0015072486975997723	5.962332543598118E7	5.971319261559112E7	5.970792009823078E7	0.000 s
100	0.0011030699281866507	5.963599775313931E7	5.970178042889821E7	5.9696536179551624E7	0.016 s
101	7.525859278125768E-4	5.966340771805979E7	5.9708309559113756E7	5.970304778106062E7	0.000 s
102	0.001523276416174335	5.960878337592223E7	5.969958402983563E7	5.969434745237313E7	0.000 s
103	6.288336359718816E-4	5.9667232964787245E7	5.970475372784087E7	5.969949989015743E7	0.000 s
104	0.0013615711575596379	5.963115301294078E7	5.971234507097523E7	5.9707074308220744E7	0.000 s
105	0.00105822686209045	5.9638598331070915E7	5.9701709497842275E7	5.969646562719118E7	0.000 s
106	8.043169753981783E-4	5.9659950040845364E7	5.9707935551414624E7	5.970267498315069E7	0.000 s
107	8.914316789012666E-4	5.964672784243075E7	5.96998988251723E7	5.9694647092653655E7	0.000 s
108	9.095320702854348E-4	5.965217623557579E7	5.970643180292436E7	5.970116375837318E7	0.000 s
109	0.0013018030264453362	5.9619717746342435E7	5.969733087534044E7	5.969208870172029E7	0.000 s
110	4.7060131986875753E-4	5.9674538240341574E7	5.970262115680004E7	5.969736288275439E7	0.015 s
111	0.0014524971607021708	5.962341422503553E7	5.9710017064908765E7	5.97047429831726E7	0.000 s
112	8.738126902934074E-4	5.964748177255736E7	5.9699602499074265E7	5.969435364344385E7	0.000 s
113	8.160283612324015E-4	5.96571113210055E7	5.970579321579263E7	5.970052875065892E7	0.000 s
114	7.42408670462158E-4	5.965331029765467E7	5.969759743244143E7	5.969234490238777E7	0.000 s
115	9.9291648607025E-4	5.9644772398440495E7	5.970399467626281E7	5.969872684278857E7	0.000 s
116	0.001128737865418783	5.962774698891789E7	5.969505108477388E7	5.9689807545642875E7	0.000 s
117	4.5960099465358617E-4	5.967292031221053E7	5.9700346045739904E7	5.969508738953245E7	0.000 s
118	9.730820652749106E-4	5.963593118576038E7	5.9693961840843216E7	5.96887101765555E7	0.000 s
119	6.084398401540181E-4	5.966322540891318E7	5.9699526892244056E7	5.969426043595874E7	0.000 s
120	0.0013438953890709815	5.9611659136121444E7	5.969177096996935E7	5.96865279798377E7	0.000 s
121	5.875706760039012E-4	5.9661268375115335E7	5.9696323586905755E7	5.969106597902522E7	0.000 s
122	0.0011059514008082694	5.9636667065589085E7	5.970262232106981E7	5.9697350337056056E7	0.000 s
123	9.525937125867134E-4	5.963695218743531E7	5.969376197312689E7	5.9688512923539475E7	0.000 s
124	5.045893463133666E-4	5.966896708294611E7	5.969907540804168E7	5.969381214649967E7	0.000 s
125	0.0012826308641216144	5.961582194645731E7	5.969228703967582E7	5.968704236046241E7	0.000 s
126	5.564150339778529E-4	5.966352892485954E7	5.96967266093335E7	5.969146791059379E7	0.000 s
127	0.0010250446924129353	5.964164162523902E7	5.970277697343377E7	5.969750447769994E7	0.000 s
128	9.087563369796214E-4	5.964015156224305E7	5.9694349927913666E7	5.9689099467705265E7	0.000 s
129	5.868777371371703E-4	5.9664471858140215E7	5.969948760837181E7	5.96942235023838E7	0.000 s
130	7.85440139493998E-4	5.9646024942498E7	5.96928733246491E7	5.96876183145634E7	0.000 s
131	6.495143654468016E-4	5.965944569996663E7	5.9698195366983354E7	5.969292695605217E7	0.000 s
132	0.001124820629031964	5.962375956002066E7	5.969082559475422E7	5.968557851532632E7	0.000 s
133	4.405995916767491E-4	5.9669013134896845E7	5.969530327771983E7	5.9690042940408826E7	0.000 s
134	0.001102901454327565	5.9635445815742776E7	5.970121783566243E7	5.969594443983495E7	0.000 s
135	7.750365907774892E-4	5.964671442864152E7	5.969294281484337E7	5.968769031014891E7	0.000 s
136	6.014819360355972E-4	5.966214838035361E7	5.969803408486947E7	5.969276865709868E7	0.000 s
137	6.611125679774066E-4	5.9652233449936464E7	5.969167029117814E7	5.968641350085719E7	0.000 s
138	7.442254111009738E-4	5.9652524116499804E7	5.969691904078362E7	5.969164954732633E7	0.000 s
139	9.838626788993832E-4	5.963094427283292E7	5.9689612933410496E7	5.9684363697268106E7	0.000 s
140	3.384444003016185E-4	5.9673900712594986E7	5.969409701013532E7	5.9688835199288934E7	0.000 s
141	8.324036984181937E-4	5.9647663512449E7	5.969731444815876E7	5.969204389441615E7	0.000 s
142	8.851654392252328E-4	5.963708402267018E7	5.9689872708343215E7	5.968462198842854E7	0.000 s
143	3.9945760010384745E-4	5.967063964102086E7	5.9694475531528525E7	5.968921251302171E7	0.000 s
144	7.621324386843931E-4	5.964367242588627E7	5.96891288034043E7	5.968387153606467E7	0.000 s
145	5.220813271766822E-4	5.966275516798375E7	5.969390397838486E7	5.9688634628735095E7	0.000 s
146	0.0010681001308419091	5.962358447957009E7	5.968726843795398E7	5.968201836668797E7	0.000 s
147	4.5100378283180476E-4	5.966444702893496E7	5.969135592024558E7	5.968609388289238E7	0.000 s
148	9.337464545302598E-4	5.964092803931643E7	5.969661754441804E7	5.969134370378152E7	0.000 s
149	7.529513346313799E-4	5.96443318798267E7	5.968924115911881E7	5.968398623643255E7	0.000 s
150	4.389846701586819E-4	5.9667637371262655E7	5.9693830549373224E7	5.968856393408754E7	0.000 s
151	0.0010272126739949705	5.9626711380052865E7	5.96879606936911E7	5.968270946215529E7	0.000 s
152	4.3030121091636175E-4	5.966627349477817E7	5.969194796451384E7	5.9686685170802794E7	0.000 s
153	8.728678632794473E-4	5.964497180790508E7	5.96970339870024E7	5.969175978324999E7	0.000 s
154	7.234939860196743E-4	5.9646803692469195E7	5.9689957796225995E7	5.968470189456347E7	0.000 s
155	5.121102672394073E-4	5.966385848594411E7	5.969441296045788E7	5.9689145752182774E7	0.000 s
156	6.240286533636397E-4	5.965163012763086E7	5.968885445405035E7	5.968359483592803E7	0.000 s
157	5.641813544288166E-4	5.9659772883731075E7	5.9693431815201536E7	5.968816105924666E7	0.000 s
158	9.082103006277098E-4	5.963293498611385E7	5.968709423192489E7	5.9681841289804116E7	0.000 s
159	3.399738719036538E-4	5.967079380999188E7	5.969108032080303E7	5.968581633958178E7	0.015 s
160	9.451183106323757E-4	5.963969919478098E7	5.969606576653058E7	5.969079088506542E7	0.000 s
161	6.206399639265836E-4	5.965207729381013E7	5.96890997569099E7	5.968384238105392E7	0.000 s
162	5.281702948682909E-4	5.9661994737484954E7	5.9693506430837885E7	5.968823824911765E7	0.000 s
163	5.274569922537609E-4	5.965665960485304E7	5.968812592709612E7	5.968286501356801E7	0.000 s
164	6.478506641192094E-4	5.9653992901706874E7	5.9692639780625604E7	5.968736821552406E7	0.000 s
165	7.998612598845156E-4	5.963865753152578E7	5.9686360183276765E7	5.96811056765966E7	0.000 s
166	2.898168124187972E-4	5.967303582962195E7	5.969033007865344E7	5.968506501068041E7	0.000 s
167	6.954022042855446E-4	5.964433876306253E7	5.968581556771152E7	5.968055546640338E7	0.000 s
168	3.8560110057694885E-4	5.966690512429912E7	5.968991274858306E7	5.968464224596539E7	0.000 s
169	9.631153844278373E-4	5.9626847263615265E7	5.968427479753978E7	5.967902057995198E7	0.000 s
170	3.7583962908160906E-4	5.9672437920841895E7	5.9694865187776454E7	5.9689594407727E7	0.000 s
171	9.443392631007796E-4	5.963289292847206E7	5.96892066106367E7	5.968395228232876E7	0.000 s
172	4.184482291735847E-4	5.966778369752254E7	5.969275157594948E7	5.968748705587727E7	0.000 s
173	7.301322330475202E-4	5.9653598265356734E7	5.969715328026754E7	5.9691878686939925E7	0.000 s
174	6.774093202737141E-4	5.965054425553434E7	5.969095209017244E7	5.9685693685338035E7	0.000 s
175	3.9172855482205726E-4	5.967148751505689E7	5.9694862540625244E7	5.9689594143174954E7	0.000 s
176	5.941538997642493E-4	5.965449711264666E7	5.968994106474462E7	5.968468006320973E7	0.000 s
177	4.5467857821090973E-4	5.966681231655122E7	5.969394153794169E7	5.968867067209733E7	0.000 s
178	8.460485971826248E-4	5.963787149740855E7	5.968832803492789E7	5.968307297067587E7	0.000 s
179	3.424699524030572E-4	5.967142905380586E7	5.969186472527374E7	5.968659987419166E7	0.000 s
180	7.939829366960804E-4	5.96488291597877E7	5.969618931233447E7	5.969091478377242E7	0.000 s
181	5.916002791812591E-4	5.965478838950981E7	5.9690080178975545E7	5.968482120899439E7	0.000 s
182	4.07958114138518E-4	5.966960694111904E7	5.969394964143812E7	5.968868106841817E7	0.000 s
183	5.094902931583878E-4	5.965886945243096E7	5.968926506731778E7	5.968400296593753E7	0.000 s
184	5.333408149446051E-4	5.9661400101212464E7	5.969321996096318E7	5.968794837860689E7	0.000 s
185	7.520851826547936E-4	5.9642794543634295E7	5.968765100566269E7	5.968239462764529E7	0.000 s
186	2.6907402217690723E-4	5.9675118190178156E7	5.969117521425347E7	5.968590942681995E7	0.016 s
187	8.58788248544684E-4	5.964420458310734E7	5.969542632509711E7	5.969015122942397E7	0.000 s
188	5.090934143723302E-4	5.965903122767605E7	5.968940324758189E7	5.968414313111557E7	0.000 s
189	4.672611668670168E-4	5.966535216842008E7	5.969323147049582E7	5.968796211464902E7	0.000 s
190	7.370058290669945E-4	5.964410590876719E7	5.968806396249144E7	5.968280811372108E7	0.000 s
191	2.726186415804577E-4	5.967522861187351E7	5.969149719163368E7	5.968623217827787E7	0.000 s
192	3.080790531282407E-4	5.967205517999224E7	5.969043889025031E7	5.968517283922121E7	0.000 s
193	7.504410800125427E-4	5.964975029131954E7	5.9694513914350644E7	5.968923884733729E7	0.000 s
194	5.403956347120875E-4	5.9656522710393056E7	5.968876083484786E7	5.968350028121802E7	0.000 s
195	3.911541870591506E-4	5.966909933814731E7	5.969243915619148E7	5.968716965118859E7	0.000 s
196	4.6442907575761083E-4	5.966031580933357E7	5.96880237946643E7	5.968276033463786E7	0.000 s
197	5.078193874241688E-4	5.9661477785879865E7	5.969177504098191E7	5.9686502735751554E7	0.000 s
198	6.910586356148052E-4	5.964527696483835E7	5.968649534855854E7	5.968123724800448E7	0.000 s
199	2.4093314328110793E-4	5.967549201153787E7	5.9689869815405056E7	5.968460293192449E7	0.000 s
200	8.126648710766737E-4	5.964540602964692E7	5.969387775584832E7	5.968860217771187E7	0.000 s
201	4.653032768466847E-4	5.966044289850889E7	5.96882030980877E7	5.9682941527921915E7	0.000 s
202	4.467583046372514E-4	5.966518475646509E7	5.969184067325276E7	5.968657046851072E7	0.000 s
203	6.785677807825685E-4	5.964645430732263E7	5.96869284694535E7	5.968167090672303E7	0.000 s
204	2.5948627594507556E-4	5.9674734528499976E7	5.969021930313078E7	5.9684953171152666E7	0.000 s
205	5.94522024152111E-4	5.965097166827464E7	5.9686435484693505E7	5.968117339943295E7	0.000 s
206	2.494889153628055E-4	5.96749218457495E7	5.968981007727516E7	5.968453952843052E7	0.000 s
207	8.027990912267136E-4	5.9637391141390406E7	5.9685267984801844E7	5.968000983416326E7	0.000 s
208	3.701404285825216E-4	5.96662274367831E7	5.968831231977845E7	5.9683045768321685E7	0.000 s
209	5.562303707993266E-4	5.965875626714936E7	5.969194027926926E7	5.968666540777141E7	0.000 s
210	5.845717341745882E-4	5.965197132193558E7	5.968684217825818E7	5.968158070813592E7	0.000 s
211	2.900501216911433E-4	5.967282539974496E7	5.9690133510013804E7	5.968486377489213E7	0.000 s
212	5.137780129993441E-4	5.965551683132103E7	5.9686166524223074E7	5.9680902376781635E7	0.000 s
213	3.3623869479559865E-4	5.9669459297680914E7	5.968952247879433E7	5.968425015695402E7	0.000 s
214	7.213664453111779E-4	5.964183672293237E7	5.968486034268102E7	5.967960087391227E7	0.000 s
215	3.0401547994629574E-4	5.966975772271023E7	5.968789825274258E7	5.968263066410827E7	0.000 s
216	6.23367870792535E-4	5.965429395733082E7	5.9691480527538635E7	5.9686204894572385E7	0.000 s
217	5.116579601853743E-4	5.965590683776522E7	5.968643025737084E7	5.968116759500164E7	0.000 s
218	3.1070060543503253E-4	5.9671156672519885E7	5.968969653702504E7	5.968442588176355E7	0.000 s
219	4.441737985292349E-4	5.965931717334792E7	5.968581627887447E7	5.968055103609311E7	0.000 s
220	4.090515006298645E-4	5.966473522586233E7	5.968914117534116E7	5.968386802444464E7	0.000 s
221	6.47259463137706E-4	5.9645860117445916E7	5.968446646484392E7	5.9679206037433274E7	0.000 s
222	2.4413569745607155E-4	5.967292131061407E7	5.968748960087748E7	5.9682221315129355E7	0.000 s
223	6.832153083065062E-4	5.965026775108074E7	5.969102172715286E7	5.968574565386305E7	0.000 s
224	4.454040918326907E-4	5.9659455709200345E7	5.968602827488973E7	5.968076476702272E7	0.000 s
225	3.566255469906743E-4	5.966798410712915E7	5.968926323459919E7	5.968399198739232E7	0.000 s
226	6.369734136992822E-4	5.964690591227495E7	5.968489940555049E7	5.967963951269392E7	0.000 s
227	2.424478579956535E-4	5.967338757698228E7	5.968785526197966E7	5.9682587682277285E7	0.000 s
228	6.360422973126223E-4	5.9653356350474544E7	5.969129840829011E7	5.968602320946748E7	0.000 s
229	4.3976452426108814E-4	5.966022226138756E7	5.968645871064765E7	5.968119579785495E7	0.000 s
230	3.8273263022103876E-4	5.966678071895303E7	5.968961714287442E7	5.9684346657124475E7	0.000 s
231	3.705437616734475E-4	5.9663871428246036E7	5.968597950360106E7	5.968071313309671E7	0.000 s
232	4.412924073156077E-4	5.966286752211472E7	5.96891962925509E7	5.96839224296245E7	0.000 s
233	5.637629889077012E-4	5.965105569438699E7	5.968468475183676E7	5.9679422957354E7	0.000 s
234	2.1998633759490183E-4	5.96745013583476E7	5.968762893334923E7	5.968235969111747E7	0.000 s
235	4.947953435685548E-4	5.965474433135535E7	5.968426122107227E7	5.967899601842585E7	0.000 s
236	2.546777467484773E-4	5.967206718034461E7	5.968726432795792E7	5.968199175545043E7	0.000 s
237	6.804990743043415E-4	5.9642546556773804E7	5.9683133254494846E7	5.967787202656916E7	0.000 s
238	3.0381503477783234E-4	5.9667751838130035E7	5.968587979822985E7	5.968061124586501E7	0.000 s
239	5.171171873490366E-4	5.965822020587875E7	5.968907049691386E7	5.968379468165982E7	0.000 s
240	4.915146274742099E-4	5.965525607379927E7	5.9684577504765265E7	5.967931341265455E7	0.000 s
241	2.447107032648166E-4	5.967290802418919E7	5.9687510623477645E7	5.968223931041737E7	0.000 s
242	4.3076927530516507E-4	5.965835410724116E7	5.968405309320584E7	5.967878667881144E7	0.000 s
243	3.2546681571399283E-4	5.966761460810649E7	5.9687034436634235E7	5.968176087056376E7	0.000 s
244	6.130028931978782E-4	5.964631850397769E7	5.9682881869789235E7	5.967761957511164E7	0.000 s
245	2.479761109388523E-4	5.967082146546165E7	5.968561840370519E7	5.968034899908774E7	0.000 s
246	5.772360138749377E-4	5.965433822643821E7	5.968877285884639E7	5.968349640232943E7	0.000 s
247	4.304493074056559E-4	5.965863806935488E7	5.968431808879259E7	5.967905302444034E7	0.000 s
248	2.824463618376072E-4	5.9670375181651905E7	5.9687228862031445E7	5.9681956785308145E7	0.000 s
249	6.043226611647246E-4	5.9647258836524986E7	5.9683305026716255E7	5.967804325466362E7	0.000 s
250	2.4636047241255454E-4	5.967128568884207E7	5.968598633497384E7	5.968071759365232E7	0.000 s
251	5.364738243125444E-4	5.9657064915803656E7	5.96890693695663E7	5.968379371473007E7	0.000 s
252	4.255795351053582E-4	5.9659348678557545E7	5.968473847643285E7	5.967947398363185E7	0.000 s
253	3.1436554877806167E-4	5.966882927840355E7	5.96875871026646E7	5.968231573435884E7	0.000 s
254	3.6292250318403774E-4	5.966268301540012E7	5.9684335945666745E7	5.9679068321981676E7	0.000 s
255	3.6129896101022574E-4	5.966567588811581E7	5.968723303482216E7	5.968195860209649E7	0.000 s
256	5.387529660849655E-4	5.9651034089760594E7	5.968317126130649E7	5.967790781073268E7	0.016 s
257	1.9261266493408868E-4	5.9674348985978544E7	5.968584302136494E7	5.9680572798644945E7	0.000 s
258	4.097191517005161E-4	5.966306759039554E7	5.968751269183652E7	5.968223819296374E7	0.000 s
259	4.916246200585839E-4	5.9654123234050274E7	5.968345066972014E7	5.967818679054221E7	0.000 s
260	2.1437826209336208E-4	5.9673359165165566E7	5.968615183619667E7	5.968088126496924E7	0.000 s
261	4.302412483823126E-4	5.965742059742274E7	5.9683087680535845E7	5.967782075004675E7	0.000 s
262	2.4483685430354285E-4	5.967122599828817E7	5.9685835713554025E7	5.968056215398634E7	0.000 s
263	5.977506631567042E-4	5.964639988646285E7	5.96820535615499E7	5.967679022453323E7	0.000 s
264	2.591346180103038E-4	5.966913048211598E7	5.968459281945046E7	5.967932289010307E7	0.000 s
265	4.81589904791635E-4	5.965876107012451E7	5.968749212718826E7	5.968221565545202E7	0.000 s
266	4.2856287442050167E-4	5.965784247145547E7	5.9683409607906766E7	5.967814371159593E7	0.000 s
267	2.3704262360269013E-4	5.9671954256452374E7	5.968609905304482E7	5.968082664837427E7	0.000 s
268	3.742906508288346E-4	5.966061894851759E7	5.968294936041268E7	5.967768138147276E7	0.000 s
269	3.090725672656447E-4	5.966723592539336E7	5.968567743118247E7	5.968040300022364E7	0.000 s
270	5.37556108341164E-4	5.964984459361117E7	5.968190973193407E7	5.9676645260751285E7	0.000 s
271	2.0841396137916135E-4	5.967200278631351E7	5.9684439264797635E7	5.967916837639705E7	0.000 s
272	5.394688878077591E-4	5.9655127500420384E7	5.9687309585705064E7	5.968203232744619E7	0.000 s
273	3.735705475476081E-4	5.96609688096284E7	5.968325639041383E7	5.96779894383103E7	0.000 s
274	2.727431487912213E-4	5.966965261029607E7	5.968592709923629E7	5.9680653809521414E7	0.000 s
275	5.311199886441909E-4	5.965064129432145E7	5.968232294224831E7	5.967705898381561E7	0.000 s
276	2.0775983588805502E-4	5.967240767022216E7	5.9684805199846774E7	5.967953493900836E7	0.000 s
277	4.885887236401043E-4	5.965832262295815E7	5.968747100666301E7	5.968219502863634E7	0.000 s
278	3.798578800455754E-4	5.966087238283417E7	5.9683535035339184E7	5.967826917281443E7	0.000 s
279	2.9312291800942525E-4	5.966865417168189E7	5.968614442170639E7	5.9680872331636764E7	0.000 s
280	3.234674815009164E-4	5.966388681351174E7	5.968318614071586E7	5.967791744889285E7	0.000 s
281	3.305430586810765E-4	5.9666112731902495E7	5.968583495130451E7	5.968056008652374E7	0.000 s
282	4.8163681721447027E-4	5.965342073790409E7	5.968215202160424E7	5.967688690859277E7	0.000 s
283	1.7045552074201886E-4	5.967444483069567E7	5.968461666926428E7	5.967934541438405E7	0.000 s
284	1.9784298389557975E-4	5.967208530085915E7	5.968389100427035E7	5.967861948320021E7	0.000 s
285	5.140529659417581E-4	5.965597722886661E7	5.968664356089725E7	5.968136596377454E7	0.000 s
286	3.5539649723959066E-4	5.966155305617137E7	5.96827565631474E7	5.967748880326372E7	0.000 s
287	2.59395406002616E-4	5.9669849042834714E7	5.96853271275533E7	5.968005332095593E7	0.000 s
288	5.057663423280179E-4	5.965168636089998E7	5.968185617612443E7	5.967659127993889E7	0.000 s
289	1.975589836034075E-4	5.967246589708754E7	5.968425472879927E7	5.9678983817947716E7	0.000 s
290	4.659257038566178E-4	5.9659017093595706E7	5.968681376312643E7	5.968153739451035E7	0.000 s
291	3.6173355028590315E-4	5.966145270270052E7	5.9683034251801886E7	5.967776754658104E7	0.000 s
292	2.8171243805963364E-4	5.966873873099847E7	5.9685548156862326E7	5.968027550519893E7	0.015 s
293	3.080324099389298E-4	5.966433007858671E7	5.968270862596822E7	5.967743922318291E7	0.000 s
294	3.1510639706011645E-4	5.966645692187546E7	5.968525820414146E7	5.9679982904710375E7	0.000 s
295	4.591548076275931E-4	5.965432136257398E7	5.9681711931023374E7	5.96764459536393E7	0.000 s
296	1.635173522711586E-4	5.967433527462664E7	5.968409306392929E7	5.9678821218265176E7	0.000 s
297	1.8825965048696602E-4	5.967216483882512E7	5.968339869972148E7	5.967812660155411E7	0.000 s
298	4.9089214284459E-4	5.9656757572381206E7	5.968604260594107E7	5.9680764699619375E7	0.000 s
299	3.388784775522069E-4	5.966209062680861E7	5.968230882524781E7	5.9677040328061424E7	0.000 s
300	2.472500675718692E-4	5.967003270672001E7	5.9684786126338765E7	5.967951184780522E7	0.000 s
301	4.826935643398311E-4	5.9652645337663665E7	5.9681439285664E7	5.9676173532997556E7	0.000 s
302	1.8829205184700548E-4	5.967252309336949E7	5.9683758955181636E7	5.967848745046425E7	0.000 s
303	4.452409664399415E-4	5.965965635464857E7	5.968621927770139E7	5.968094255212281E7	0.000 s
304	3.4523107390849184E-4	5.966198723619138E7	5.968258440811644E7	5.967731693251004E7	0.000 s
305	2.713869080084308E-4	5.966881587979837E7	5.968500921524451E7	5.967973605001841E7	0.000 s
306	2.98133018375335E-4	5.966437359538096E7	5.968216151517043E7	5.967689222676609E7	0.000 s
307	2.947424834851553E-4	5.9667028770520896E7	5.9684615178762905E7	5.967934024385006E7	0.156 s
308	4.4143971436327867E-4	5.965489760752194E7	5.968123164848217E7	5.967596544218077E7	0.000 s
309	1.5788015022111246E-4	5.967411066050559E7	5.968353201806099E7	5.96782601919099E7	0.000 s
310	1.8228323433189253E-4	5.967198930158619E7	5.9682866504795104E7	5.967759443670075E7	0.000 s
311	4.6510915971387234E-4	5.965766038878419E7	5.968540771307811E7	5.968013008030019E7	0.016 s
312	3.2654530834030915E-4	5.96623374325477E7	5.968181988892092E7	5.9676551271090865E7	0.000 s
313	2.334635286904696E-4	5.9670277191228315E7	5.9684208024699315E7	5.9678933866798185E7	0.000 s
314	4.278122728254008E-4	5.965553056129102E7	5.968105192940705E7	5.967578507368861E7	0.016 s
315	1.5237312953786386E-4	5.967424046246041E7	5.968333321323248E7	5.967806084711823E7	0.000 s
316	1.740349524592677E-4	5.9672296618147716E7	5.968268168345279E7	5.9677409081717886E7	0.000 s
317	4.51764095602325E-4	5.965811519614932E7	5.968506659060625E7	5.967978900278569E7	0.000 s
318	3.238102721534464E-4	5.9662207545571685E7	5.968152678123429E7	5.967625803758982E7	0.000 s
319	2.2400814289191828E-4	5.967051831703467E7	5.9683884999028265E7	5.967861082023803E7	0.000 s
320	4.409469827757473E-4	5.9654425316710815E7	5.9680729755563445E7	5.96754631680968E7	0.000 s
321	1.6492246715205106E-4	5.967312567175624E7	5.96829671108647E7	5.967769511548392E7	0.000 s
322	4.3942505279881416E-4	5.965910454040421E7	5.96853202455668E7	5.968004333987628E7	0.000 s
323	3.123058553919922E-4	5.966320389531664E7	5.9681837063244596E7	5.967656886227981E7	0.047 s
324	2.552459930553752E-4	5.96689361263912E7	5.968416638324734E7	5.967889282959205E7	0.000 s
325	2.6449745317913553E-4	5.966579419027767E7	5.968157564088291E7	5.9676305018012784E7	0.000 s
326	3.0379831840354754E-4	5.966580657898248E7	5.9683932950687364E7	5.9678657015518375E7	0.000 s
327	3.99247110965506E-4	5.965685432427989E7	5.968067215101815E7	5.967540443880614E7	0.000 s
328	1.4312318166709304E-4	5.967435235174191E7	5.968289313491442E7	5.967762013399357E7	0.000 s
329	2.5362815412122153E-4	5.966619940815087E7	5.968133243617019E7	5.967606076975535E7	0.000 s
330	3.2003006948766455E-4	5.9664583366533205E7	5.968367782729395E7	5.967840091633935E7	0.000 s
331	3.8912190572126804E-4	5.9657155944028735E7	5.968036985023959E7	5.967510143300302E7	0.016 s
332	1.293734463301277E-4	5.96748594312588E7	5.968257977348268E7	5.9677306133579165E7	0.000 s
333	1.5198322050946622E-4	5.9672905993197836E7	5.968197527362784E7	5.9676701414005265E7	0.000 s
334	3.798389482347897E-4	5.966139183722669E7	5.968405355755236E7	5.9678776140847616E7	0.000 s
335	3.396569042002362E-4	5.966044421451178E7	5.9680708296296895E7	5.9675439273103215E7	0.000 s
336	1.7150348544325844E-4	5.9672710336516164E7	5.968294441432472E7	5.967767023263312E7	0.000 s
337	3.2776394792488617E-4	5.96608313769189E7	5.968038604654747E7	5.967511551635472E7	0.000 s
338	1.9217799948845204E-4	5.967115333181301E7	5.968262081468748E7	5.967734516108284E7	0.000 s
339	4.6929697784325874E-4	5.965153664401029E7	5.967953092988104E7	5.9674263206461005E7	0.000 s
340	1.8907833703485366E-4	5.967371756094824E7	5.9685000568229355E7	5.967972462784714E7	0.000 s
341	4.5243274371520315E-4	5.965487663489636E7	5.968186645440827E7	5.9676598755074255E7	0.000 s
342	1.9345489412181394E-4	5.967241714398726E7	5.968396106512785E7	5.967868829417897E7	0.000 s
343	3.5745963528621694E-4	5.9664822581338994E7	5.968615034705833E7	5.968087296957773E7	0.000 s
344	3.316751104334159E-4	5.966310413564279E7	5.9682892902295776E7	5.967762369797402E7	0.000 s
345	2.0383328605633189E-4	5.967290536550696E7	5.9685068689896144E7	5.9679794462563686E7	0.000 s
346	2.9036732307230473E-4	5.966521572327396E7	5.968254055224407E7	5.967726975532536E7	0.000 s
347	2.248984319779268E-4	5.967131837468038E7	5.968473836061689E7	5.96794625743251E7	0.000 s
348	4.1670377801272807E-4	5.9656826603644684E7	5.9681685828674674E7	5.967641776726788E7	0.000 s
349	1.6346299799785413E-4	5.9674008979293026E7	5.968376347170333E7	5.967849044173735E7	0.015 s
350	3.9337691593988033E-4	5.966245939368118E7	5.968592922795486E7	5.968065168459392E7	0.000 s
351	2.98737242460545E-4	5.96648783895266E7	5.968270251076843E7	5.9677432977577135E7	0.000 s
352	2.1250246819470853E-4	5.9672177154119015E7	5.968485763904682E7	5.967958318395576E7	0.000 s
353	2.585600842777147E-4	5.966694334447309E7	5.9682370834372826E7	5.967709974212407E7	0.000 s
354	2.631389431646536E-4	5.9668845566630825E7	5.968454676359308E7	5.967927078174731E7	0.000 s
355	3.8244131421727445E-4	5.9658702794725485E7	5.968151874742679E7	5.967625033826648E7	0.000 s
356	1.3510834925378745E-4	5.967551641262497E7	5.968357907313834E7	5.967830579437003E7	0.000 s
357	3.027057495028629E-4	5.9666770913555674E7	5.9684832388165474E7	5.967955603098363E7	0.000 s
358	3.499957066881443E-4	5.966087839386259E7	5.968175944515769E7	5.967649076791866E7	0.000 s
359	1.4086284185443887E-4	5.9675426796128094E7	5.968383284633548E7	5.967855934104403E7	0.000 s
360	3.068444128517811E-4	5.966324254285744E7	5.968154987548433E7	5.96762790151122E7	0.000 s
361	1.842129261910852E-4	5.967265378069182E7	5.9683646254858345E7	5.9678370599320546E7	0.000 s
362	4.28115295385334E-4	5.965519205377779E7	5.9680731353945166E7	5.967546312335015E7	0.000 s
363	1.8438078850357975E-4	5.967171459853276E7	5.968271691632179E7	5.96774439097892E7	0.000 s
364	3.5711741275701314E-4	5.966358439909502E7	5.968489130399144E7	5.967961354783496E7	0.000 s
365	3.0726728899743705E-4	5.966347204887921E7	5.968180468218785E7	5.967653462870213E7	0.000 s
366	1.6239990671795823E-4	5.967417624856789E7	5.9683867329224125E7	5.967859254404933E7	0.000 s
367	3.627499876870388E-4	5.965957384172998E7	5.9681215351406485E7	5.967594606938507E7	0.000 s
368	1.2471624752974364E-4	5.9675782724231444E7	5.9683225263921216E7	5.9677951273894414E7	0.000 s
369	3.049216166162161E-4	5.9666253030788094E7	5.9684446561119676E7	5.9679169594995156E7	0.000 s
370	3.326650356310079E-4	5.966158036864864E7	5.9681427690407775E7	5.967615832044076E7	0.000 s
371	1.3503540878767595E-4	5.9675390302525446E7	5.968344859324951E7	5.967817455368782E7	0.000 s
372	2.9110351539762824E-4	5.9663867244201764E7	5.9681235605698764E7	5.967596412694651E7	0.000 s
373	1.8834180443283444E-4	5.967203906725732E7	5.968327780676944E7	5.9678001689196624E7	0.000 s
374	4.0843345497543204E-4	5.965606937264471E7	5.9680434907168835E7	5.967516597690533E7	0.000 s
375	1.7276684905853656E-4	5.967206386338041E7	5.9682373217830904E7	5.967709966673922E7	0.000 s
376	3.5586811763588244E-4	5.966325601874851E7	5.968448826935993E7	5.967921012208451E7	0.000 s
377	2.916783471447193E-4	5.966408022912821E7	5.968148294943336E7	5.967621226003899E7	0.000 s
378	1.6370365356910277E-4	5.9673724411066204E7	5.9683493217774376E7	5.9678217948988475E7	0.000 s
379	4.0543870716946984E-4	5.965656697381714E7	5.9680754055205174E7	5.967548555560019E7	0.000 s
380	1.7273577207732593E-4	5.9672357176341034E7	5.968266472702957E7	5.967739166642089E7	0.000 s
381	3.3196707013538607E-4	5.96649408447162E7	5.968474764031822E7	5.967947004271116E7	0.000 s
382	2.9025695493589687E-4	5.966448003577112E7	5.968179806606413E7	5.967652782702296E7	0.000 s
383	1.8754434855972058E-4	5.967258758121216E7	5.968377883777696E7	5.9678504078105025E7	0.016 s
384	2.5338237067717984E-4	5.966637798936566E7	5.968149639767033E7	5.967622472944766E7	0.000 s
385	2.1322828387893011E-4	5.967077126000137E7	5.9683494756154865E7	5.967821859456818E7	0.000 s
386	3.672822985960611E-4	5.965880522800136E7	5.9680716851117E7	5.967544765293396E7	0.000 s
387	1.3942844689540657E-4	5.9674297156433135E7	5.9682617451005235E7	5.9677343776340775E7	0.000 s
388	3.6485027556332206E-4	5.9662811383682504E7	5.968457937685672E7	5.967930163363895E7	0.000 s
389	2.613731361154059E-4	5.966606018907156E7	5.968165529434282E7	5.9676384777308606E7	0.000 s
390	1.9580861946622008E-4	5.9671934216289915E7	5.968361849534968E7	5.9678343539747424E7	0.000 s
391	2.54750808863502E-4	5.9666071557499595E7	5.968127153749058E7	5.967600032784266E7	0.000 s
392	1.9872824532263245E-4	5.967137281709106E7	5.9683231204307E7	5.96779555805661E7	0.000 s
393	3.6451344252896867E-4	5.965880927953368E7	5.9680555717481345E7	5.96752866220704E7	0.000 s
394	1.4062423291560933E-4	5.967403101585272E7	5.96824226306893E7	5.967714913826923E7	0.000 s
395	3.5034201733785686E-4	5.966344445244476E7	5.9684347063935556E7	5.9679069574783556E7	0.000 s
396	2.605052255493234E-4	5.966593683174379E7	5.9681480120075755E7	5.967620972840515E7	0.000 s
397	1.9314377558199425E-4	5.967188218286715E7	5.968340743548803E7	5.967813268339235E7	0.000 s
398	2.2199752264362438E-4	5.966804448852588E7	5.9681290646583326E7	5.967601828938143E7	0.000 s
399	2.4076958218843814E-4	5.9668869767202765E7	5.9683236216046266E7	5.9677959525269486E7	0.000 s
400	3.31948204894017E-4	5.96607230500955E7	5.9680527320014656E7	5.9675257349637836E7	0.000 s
401	1.1489078819004739E-4	5.967552558975127E7	5.9682381757921934E7	5.9677107469671056E7	0.000 s
402	2.7603535388487366E-4	5.966703143948118E7	5.968350164961984E7	5.967822463093073E7	0.000 s
403	3.0253474759400767E-4	5.966272782952955E7	5.968077787783423E7	5.967550753020851E7	0.000 s
404	1.32549456747455E-4	5.967473315250631E7	5.968264300596722E7	5.9677368373546556E7	0.000 s
405	2.645274242096818E-4	5.966482029565188E7	5.968060327688063E7	5.9675330997561805E7	0.000 s
406	1.7258783025075886E-4	5.9672187592647225E7	5.968248628603015E7	5.967720974784547E7	0.000 s
407	3.7271221600509996E-4	5.9657631012947805E7	5.967986614080425E7	5.96745962067747E7	0.000 s
408	1.4215522971050554E-4	5.96735249138697E7	5.968200781751147E7	5.967673331541027E7	0.000 s
409	3.3819411664159915E-4	5.966368648067483E7	5.968386438841975E7	5.967858602920406E7	0.000 s
410	2.578467559271047E-4	5.9665706770028785E7	5.968109137895954E7	5.967581987640696E7	0.000 s
411	1.6283595330168765E-4	5.96732370911087E7	5.9682954039557025E7	5.967767832818139E7	0.016 s
412	3.349467692945751E-4	5.9660501422366716E7	5.968048451457263E7	5.967521436800639E7	0.000 s
413	1.2251623680925583E-4	5.967497368286576E7	5.968228483607308E7	5.967701049782375E7	0.000 s
414	2.455387236273143E-4	5.966871773913371E7	5.9683368719927855E7	5.967809173069614E7	0.000 s
415	3.063778065377498E-4	5.966245015921083E7	5.9680729409823276E7	5.967545889821965E7	0.000 s
416	1.2505395788053875E-4	5.967507720711013E7	5.96825398117017E7	5.967726513959591E7	0.000 s
417	2.6942595699286365E-4	5.966448083428761E7	5.968055599413487E7	5.9675283607348435E7	0.000 s
418	1.4534444409908254E-4	5.967371005375685E7	5.968238329597194E7	5.967710677313459E7	0.000 s
419	3.7631183959030423E-4	5.965739185892798E7	5.967984164180358E7	5.967457153349167E7	0.000 s
420	1.1198614946428265E-4	5.967625182765892E7	5.968293474131556E7	5.967765925093092E7	0.000 s
421	2.4373903651775386E-4	5.9669273740375325E7	5.968381747166652E7	5.967854008634568E7	0.000 s
422	3.047409518492916E-4	5.966300548849979E7	5.9681187249582544E7	5.967591637914939E7	0.000 s
423	1.0928465751502969E-4	5.9676449733081974E7	5.968297145345277E7	5.967769649238085E7	0.000 s
424	1.9585017181733555E-4	5.966996937774386E7	5.9681655751498826E7	5.967638238126094E7	0.000 s
425	2.5054884837349967E-4	5.966856226442779E7	5.9683512153987244E7	5.96782347183018E7	0.000 s
426	2.998707902730491E-4	5.9663001789299555E7	5.968089298079617E7	5.9675621998800375E7	0.000 s
427	1.0055234466999075E-4	5.9676667569929145E7	5.9682668198775396E7	5.967739316481242E7	0.000 s
428	1.4124824985439766E-4	5.967366336893852E7	5.968209216945178E7	5.967681761593033E7	0.000 s
429	3.276008470998182E-4	5.9664429083398506E7	5.968397520090795E7	5.967869662269845E7	0.000 s
430	2.4529741706569297E-4	5.966665428347511E7	5.96812903596558E7	5.967601831896198E7	0.000 s
431	1.5907090436018123E-4	5.9673600366510004E7	5.968309270008673E7	5.9677816647580534E7	0.000 s
432	3.4493565739501797E-4	5.9660046077276975E7	5.9680624954490855E7	5.96753548405789E7	0.000 s
433	1.4175099111923828E-4	5.96738915908799E7	5.968235042415685E7	5.9677076312545575E7	0.000 s
434	2.9753089892570195E-4	5.966636177996225E7	5.968411436621826E7	5.967883661928787E7	0.000 s
435	2.506391820329412E-4	5.966652487381786E7	5.9681479642806984E7	5.967620835615984E7	0.000 s
436	1.6399339740114094E-4	5.967346868687817E7	5.9683254741742834E7	5.967797948766269E7	0.000 s
437	2.1857353094678622E-4	5.9668185953725025E7	5.968122783981412E7	5.96759553025218E7	0.000 s
438	1.9386835100831945E-4	5.967144771080688E7	5.9683016115976855E7	5.967773963227102E7	0.000 s
439	3.166522800253091E-4	5.96616711651264E7	5.968056316933096E7	5.967529253029475E7	0.000 s
440	1.1718306121166755E-4	5.9675284000756145E7	5.968227693321402E7	5.967700236141938E7	0.063 s
441	3.3020675155981394E-4	5.9664324548203E7	5.968402611099607E7	5.967874796276275E7	0.000 s
442	2.240843918133173E-4	5.9668039499815136E7	5.968141017615715E7	5.967613838657291E7	0.000 s
443	1.741818105944759E-4	5.967277785585214E7	5.968317176834228E7	5.9677896075295545E7	0.000 s
444	2.184789246209018E-4	5.9668042262011476E7	5.9681078471719116E7	5.967580607812982E7	0.000 s
445	1.8417518558155876E-4	5.9671846910435945E7	5.968283698391467E7	5.967756070580643E7	0.000 s
446	3.1502391553961395E-4	5.9661631021409005E7	5.968042586202084E7	5.967515533618161E7	0.000 s
447	1.1859138049219453E-4	5.9675035245380625E7	5.96821121901913E7	5.967683779306471E7	0.000 s
448	3.180168237331138E-4	5.9664857130537055E7	5.96838315588902E7	5.967855364094104E7	0.000 s
449	2.2299182859097932E-4	5.966797671076146E7	5.968128218199651E7	5.967601038748563E7	0.000 s
450	1.7200431149722029E-4	5.967275155181065E7	5.9683015522356465E7	5.967773988524989E7	0.000 s
451	2.1747598045673833E-4	5.9667978913902394E7	5.968095526611856E7	5.967568287702016E7	0.000 s
452	1.7610279627722214E-4	5.967217719648489E7	5.968268563374914E7	5.9677409420413725E7	0.000 s
453	3.125352095183498E-4	5.9661667502959915E7	5.968031387471317E7	5.967504332441965E7	0.000 s
454	1.1910930089875649E-4	5.9674866443605125E7	5.9681974275228456E7	5.967669991352278E7	0.000 s
455	3.077654243446304E-4	5.966530248095706E7	5.968366539809377E7	5.967838756977335E7	0.000 s
456	2.2193540711379356E-4	5.966791620517736E7	5.968115862845199E7	5.967588682916616E7	0.000 s
457	1.7009265255230055E-4	5.967271471549542E7	5.968286460582638E7	5.967758902294247E7	0.000 s
458	1.8879159285245528E-4	5.966974047894077E7	5.9681005624290876E7	5.9675732123690546E7	0.000 s
459	2.1433290549177642E-4	5.966993581196712E7	5.9682725042680204E7	5.967744777871877E7	0.000 s
460	2.8422668865069056E-4	5.9663364621315E7	5.968032254187508E7	5.967505112107872E7	0.000 s
461	9.852368859397664E-5	5.9676093404370114E7	5.9681972913213186E7	5.9676697740896784E7	0.000 s
