1	1.00E+01	4783.333333	62862.50133	0.038 s
2	1.736216077	22974.24602	62862.50133	0.016 s
3	0.152260838	18420.597	21225.33254	0.000 s
4	0.088028232	22302.7394	24266.01013	0.000 s
5	0.062266807	20215.86769	21474.64522	0.015 s
6	0.041684725	21861.28765	22772.56942	0.000 s
7	0.034339006	21836.54373	22586.38894	0.000 s
8	0.029193168	21819.65912	22456.6441	0.000 s
9	0.025388052	21807.42643	22361.07451	0.000 s
10	0.022460222	21798.16696	22287.75862	0.000 s
11	0.020137713	21790.91971	22229.739	0.015 s
12	0.018250425	21785.09605	22182.68332	0.000 s
13	0.016734543	21779.28705	22143.75347	0.016 s
14	0.015567736	21814.48264	22154.08475	0.000 s
15	0.014412566	21808.23542	22122.54805	0.009 s
16	0.013416907	21802.86643	22095.39345	0.000 s
17	0.012580579	21797.54184	22071.76754	0.008 s
18	0.011934562	21822.83571	22083.2817	0.002 s
19	0.011189986	21796.69131	22040.59599	0.000 s
20	0.010578017	21793.04298	22023.57016	0.008 s
21	0.010050579	21789.32793	22008.3233	0.000 s
22	0.009622543	21810.48628	22020.35862	0.000 s
23	0.009165371	21806.70857	22006.57514	0.010 s
24	0.008749632	21803.27728	21994.04793	0.000 s
25	0.008384075	21799.84141	21982.61292	0.008 s
26	0.008087651	21817.13465	21993.58402	0.000 s
27	0.007761373	21813.69508	21982.9993	0.000 s
28	0.00746037	21810.52239	21973.23696	0.000 s
29	0.007190988	21807.38818	21964.20486	0.000 s
30	0.006987022	21821.72579	21974.19467	0.000 s
31	0.006721827	21806.04358	21952.62002	0.010 s
32	0.006494005	21803.51916	21945.11133	0.015 s
33	0.006286988	21801.03342	21938.09625	0.000 s
34	0.006124164	21813.99678	21947.58928	0.000 s
35	0.005933997	21811.45949	21940.88863	0.016 s
36	0.005755265	21809.07436	21934.59136	0.000 s
37	0.005589924	21806.76401	21928.66216	0.000 s
38	0.005463863	21818.12727	21937.33853	0.000 s
39	0.005311578	21815.75287	21931.62895	0.000 s
40	0.005167536	21813.50578	21926.22785	0.000 s
41	0.005033044	21811.33352	21921.11092	0.000 s
42	0.004907519	21802.56258	21909.55907	0.000 s
43	0.00481115	21812.66322	21917.60721	0.000 s
44	0.004692161	21810.68947	21913.02874	0.000 s
45	0.004578903	21808.8099	21908.67032	0.000 s
46	0.004471351	21807.00969	21904.51647	0.000 s
47	0.004393691	21816.09968	21911.95288	0.000 s
48	0.004293975	21814.22366	21907.8934	0.000 s
49	0.004198674	21812.42944	21904.01271	0.000 s
50	0.004107499	21810.71179	21900.29928	0.000 s
51	0.004030916	21808.83297	21896.74254	0.015 s
52	0.003958146	21817.21159	21903.56729	0.000 s
53	0.003877671	21815.48088	21900.07414	0.000 s
54	0.003797967	21806.60441	21889.42517	0.000 s
55	0.00373159	21804.96506	21886.33226	0.000 s
56	0.003670221	21812.77542	21892.83312	0.000 s
57	0.00359992	21811.26243	21889.78123	0.000 s
58	0.003532253	21809.80503	21886.84277	0.000 s
59	0.003473736	21808.25544	21884.01155	0.000 s
60	0.003421883	21815.45245	21890.10237	0.000 s
61	0.00336053	21813.99709	21887.30368	0.016 s
62	0.00330133	21812.59159	21884.60216	0.000 s
63	0.003249086	21811.12661	21881.99284	0.000 s
64	0.003205062	21817.79449	21887.72187	0.000 s
65	0.00315124	21816.39004	21885.13871	0.000 s
66	0.00309892	21809.12518	21876.70991	0.000 s
67	0.003051901	21807.82187	21874.37719	0.000 s
68	0.00301414	21814.11727	21879.86808	0.000 s
69	0.00296613	21812.85207	21877.55183	0.000 s
70	0.002919619	21811.62523	21875.30687	0.000 s
71	0.002876752	21810.38689	21873.12996	0.016 s
72	0.002844515	21816.26777	21878.32448	0.000 s
73	0.002801604	21815.04391	21876.16102	0.000 s
74	0.002759962	21813.85506	21874.06046	0.000 s
75	0.002720525	21812.67818	21872.02012	0.000 s
76	0.002692993	21818.19224	21876.94848	0.006 s
77	0.002654398	21817.00819	21874.91922	0.000 s
78	0.002619552	21815.79825	21872.94586	0.000 s
79	0.002580992	21809.80157	21866.0925	0.000 s
80	0.002557279	21815.05291	21870.84009	0.000 s
81	0.002522324	21813.96608	21868.98796	0.000 s
82	0.002488305	21812.90731	21867.18449	0.000 s
83	0.002455187	21811.87553	21865.42777	0.000 s
84	0.002429245	21810.73241	21863.71602	0.000 s
85	0.002402292	21815.79247	21868.20036	0.000 s
86	0.002371332	21814.76261	21866.49265	0.000 s
87	0.002341155	21813.75774	21864.82712	0.016 s
88	0.002316814	21812.66638	21863.20226	0.000 s
89	0.002293185	21817.45513	21867.48659	0.000 s
90	0.002266829	21816.41095	21865.86503	0.000 s
91	0.002237983	21811.19977	21860.01286	0.000 s
92	0.002215095	21810.19967	21858.51134	0.000 s
93	0.002194211	21814.79015	21862.65641	0.000 s
94	0.002168191	21813.85918	21861.15579	0.000 s
95	0.002142776	21812.94889	21859.68916	0.015 s
96	0.002121027	21811.99157	21858.25538	0.000 s
97	0.002102764	21816.35435	21862.22899	0.000 s
98	0.002078792	21815.44607	21860.79584	0.000 s
99	0.002055356	21814.55713	21859.39382	0.000 s
100	0.002034571	21813.64051	21858.02192	0.000 s
101	0.00201865	21817.79516	21861.83765	0.000 s
102	0.001997889	21816.87846	21860.46616	0.000 s
103	0.001975627	21812.26839	21855.36131	0.016 s
104	0.001955759	21811.42313	21854.08101	0.000 s
105	0.00194177	21815.42445	21857.78498	0.000 s
106	0.001921183	21814.59385	21856.50367	0.000 s
107	0.001901024	21813.77961	21855.24814	0.000 s
108	0.001881857	21812.96873	21854.01761	0.000 s
109	0.001869772	21816.79165	21857.58407	0.000 s
110	0.001850625	21815.97932	21856.35253	0.000 s
111	0.001831863	21815.18241	21855.14484	0.000 s
112	0.001813475	21814.40047	21853.96033	0.000 s
113	0.001800623	21813.5204	21852.79834	0.000 s
114	0.001786049	21817.24693	21856.21359	0.015 s
115	0.00176844	21813.11239	21851.68757	0.000 s
116	0.001751236	21812.375	21850.57362	0.000 s
117	0.001738772	21811.55484	21849.48016	0.000 s
118	0.001724804	21815.17805	21852.80496	0.000 s
119	0.001708395	21814.44162	21851.7093	0.000 s
120	0.001692292	21813.7181	21850.63328	0.000 s
121	0.001680072	21812.92911	21849.57639	0.006 s
122	0.00166769	21816.40698	21852.78999	0.000 s
123	0.001652305	21815.68487	21851.73103	0.000 s
124	0.001637197	21814.975	21850.69042	0.000 s
125	0.001625173	21814.21583	21849.6677	0.000 s
126	0.001614869	21817.5448	21852.77728	0.000 s
127	0.001600674	21813.79585	21848.71263	0.000 s
128	0.001586443	21813.12269	21847.72796	0.016 s
129	0.001574653	21812.41273	21846.75972	0.000 s
130	0.001564936	21815.65371	21849.79381	0.000 s
131	0.001551297	21814.98156	21848.82309	0.000 s
132	0.001537892	21814.32012	21847.86818	0.000 s
133	0.001526223	21813.63625	21846.92872	0.016 s
134	0.00151775	21816.75758	21849.86996	0.000 s
135	0.001504884	21816.09746	21848.92817	0.000 s
136	0.001492232	21815.44754	21848.00126	0.000 s
137	0.001480655	21814.78872	21847.0889	0.000 s
138	0.001473668	21817.79061	21849.94278	0.000 s
139	0.001462057	21814.36059	21846.25443	0.000 s
140	0.001450071	21813.74143	21845.37292	0.000 s
141	0.001438635	21813.12374	21844.50486	0.000 s
142	0.001432262	21816.04852	21847.29481	0.000 s
143	0.00142073	21815.43036	21846.4242	0.000 s
144	0.00140938	21814.82122	21845.5666	0.016 s
145	0.001398208	21814.22091	21844.72172	0.000 s
146	0.001391124	21813.54394	21843.88929	0.000 s
147	0.001381683	21816.44232	21846.58572	0.000 s
148	0.001370918	21815.84303	21845.75076	0.000 s
149	0.001360317	21815.25219	21844.92785	0.000 s
150	0.00135314	21814.59852	21844.11672	0.000 s
151	0.001346311	21817.36661	21846.73958	0.000 s
152	0.001335352	21814.26195	21843.39167	0.000 s
153	0.001325258	21813.69669	21842.60547	0.000 s
154	0.001318048	21813.07957	21841.83025	0.000 s
155	0.001310496	21815.80929	21844.39883	0.000 s
156	0.00130075	21815.24481	21843.621	0.000 s
157	0.001291146	21814.68789	21842.85383	0.000 s
158	0.001283826	21814.09161	21842.09711	0.000 s
159	0.001277185	21816.73486	21844.59886	0.000 s
160	0.001267902	21816.1789	21843.83969	0.000 s
161	0.001258752	21815.63019	21843.09065	0.000 s
162	0.001251316	21815.05401	21842.35155	0.000 s
163	0.001246797	21817.58776	21844.78986	0.000 s
164	0.001237508	21814.7059	21841.70178	0.016 s
165	0.00122876	21814.17924	21840.98363	0.000 s
166	0.00122127	21813.63448	21840.2748	0.007 s
167	0.001216189	21816.13349	21842.66603	0.000 s
168	0.001207719	21815.60759	21841.95472	0.000 s
169	0.001199364	21815.08823	21841.25247	0.000 s
170	0.00119175	21814.5616	21840.5591	0.000 s
171	0.001187432	21816.98614	21842.89233	0.000 s
172	0.001179336	21816.46768	21842.19662	0.000 s
173	0.001171347	21815.9555	21841.50957	0.000 s
174	0.001163607	21815.44639	21840.831	0.000 s
175	0.001161003	21817.77845	21843.10896	0.000 s
176	0.001153071	21815.08903	21840.24337	0.010 s
177	0.001145407	21814.59606	21839.58266	0.000 s
178	0.001137844	21814.1089	21838.92995	0.000 s
179	0.0011335	21813.5594	21838.28508	0.000 s
180	0.001127152	21815.92178	21840.51164	0.000 s
181	0.00111981	21815.43525	21839.86438	0.008 s
182	0.001112561	21814.95432	21839.22478	0.000 s
183	0.00110801	21814.42209	21838.59269	0.002 s
184	0.001102378	21816.71862	21840.76889	0.000 s
185	0.001095336	21816.23844	21840.13455	0.000 s
186	0.001088382	21815.76366	21839.50753	0.000 s
187	0.001083626	21815.24815	21838.88773	0.010 s
188	0.001080622	21817.43939	21841.01579	0.000 s
189	0.001072686	21814.95971	21838.36031	0.000 s
190	0.001065993	21814.50151	21837.75562	0.000 s
191	0.001061093	21814.01105	21837.15775	0.000 s
192	0.001056702	21816.19652	21839.24973	0.000 s
193	0.001050192	21815.73892	21838.64963	0.000 s
194	0.00104376	21815.28627	21838.05619	0.000 s
195	0.001038661	21814.81111	21837.4693	0.000 s
196	0.001034886	21816.93872	21839.51677	0.000 s
197	0.001028626	21816.48676	21838.92776	0.000 s
198	0.001022439	21816.03958	21838.34515	0.000 s
199	0.001017144	21815.57925	21837.76884	0.049 s
200	0.001015627	21817.61509	21839.77365	0.002 s
201	0.001008683	21815.27977	21837.28447	0.000 s
202	0.001002714	21814.84729	21836.72133	0.000 s
203	9.97E-04	21814.40909	21836.16418	0.000 s
204	9.95E-04	21816.43881	21838.13688	0.000 s
205	9.89E-04	21816.00691	21837.57765	0.000 s
206	9.83E-04	21815.5794	21837.02427	0.000 s
207	9.77E-04	21815.15484	21836.47663	0.002 s
208	9.75E-04	21817.13331	21838.40972	0.000 s
209	9.70E-04	21816.70646	21837.86012	0.000 s
210	9.64E-04	21816.28386	21837.31614	0.000 s
211	9.59E-04	21815.85887	21836.77771	0.000 s
212	9.56E-04	21813.57031	21834.43451	0.000 s
213	9.52E-04	21815.56362	21836.33028	0.010 s
214	9.47E-04	21815.15414	21835.80344	0.008 s
215	9.41E-04	21814.74865	21835.28187	0.000 s
216	9.38E-04	21814.30019	21834.76551	0.000 s
217	9.34E-04	21816.24514	21836.62467	0.000 s
218	9.29E-04	21815.84014	21836.10635	0.000 s
219	9.24E-04	21815.43901	21835.59313	0.000 s
220	9.21E-04	21815.00375	21835.08492	0.000 s
221	9.17E-04	21816.90221	21836.90886	0.000 s
222	9.12E-04	21816.50163	21836.39879	0.008 s
223	9.07E-04	21816.10173	21835.89364	0.002 s
224	9.04E-04	21813.95457	21833.68096	0.000 s
225	9.01E-04	21815.81708	21835.47822	0.000 s
226	8.96E-04	21815.42829	21834.98333	0.000 s
227	8.92E-04	21815.04308	21834.49315	0.000 s
228	8.88E-04	21814.63913	21834.00759	0.008 s
229	8.85E-04	21816.45831	21835.77192	0.000 s
230	8.81E-04	21816.07357	21835.28455	0.002 s
231	8.76E-04	21815.69232	21834.80171	0.000 s
232	8.72E-04	21815.30029	21834.32336	0.010 s
233	8.70E-04	21817.07773	21836.05595	0.000 s
234	8.65E-04	21816.697	21835.57586	0.000 s
235	8.61E-04	21816.31965	21835.10017	0.061 s
236	8.57E-04	21815.92361	21834.62881	0.000 s
237	8.54E-04	21814.38678	21833.01489	0.000 s
238	8.52E-04	21816.12976	21834.71602	0.000 s
239	8.48E-04	21815.76089	21834.2515	0.000 s
240	8.43E-04	21815.39524	21833.79115	0.000 s
241	8.39E-04	21815.02716	21833.33491	0.000 s
242	8.38E-04	21816.7313	21835.00652	0.008 s
243	8.33E-04	21816.3661	21834.54861	0.002 s
244	8.29E-04	21816.00404	21834.09473	0.000 s
245	8.25E-04	21815.64506	21833.64485	0.000 s
246	8.23E-04	21815.23761	21833.19889	0.000 s
247	8.20E-04	21816.95189	21834.83645	0.000 s
248	8.16E-04	21816.57629	21834.38888	0.000 s
249	8.12E-04	21814.68517	21832.40577	0.010 s
250	8.10E-04	21814.29392	21831.97175	0.000 s
251	8.07E-04	21815.97854	21833.58772	0.000 s
252	8.03E-04	21815.62948	21833.15206	0.000 s
253	7.99E-04	21815.2833	21832.7201	0.000 s
254	7.97E-04	21814.90293	21832.29181	0.000 s
255	7.94E-04	21816.55174	21833.88113	0.000 s
256	7.90E-04	21816.20596	21833.45126	0.002 s
257	7.87E-04	21815.86299	21833.02499	0.000 s
258	7.84E-04	21815.49323	21832.60228	0.010 s
259	7.82E-04	21817.10741	21834.1658	0.008 s
260	7.79E-04	21816.75127	21833.74158	0.000 s
261	7.75E-04	21814.94404	21831.8528	0.000 s
262	7.73E-04	21814.58901	21831.44086	0.000 s
263	7.70E-04	21816.17626	21832.98468	0.000 s
264	7.67E-04	21815.84235	21832.57122	0.000 s
265	7.63E-04	21815.51107	21832.16112	0.000 s
266	7.60E-04	21815.16601	21831.75434	0.008 s
267	7.59E-04	21816.72065	21833.27382	0.002 s
268	7.55E-04	21816.38974	21832.86558	0.000 s
269	7.52E-04	21816.06141	21832.4606	0.000 s
270	7.49E-04	21815.72607	21832.05885	0.041 s
271	7.47E-04	21817.24912	21833.55473	0.008 s
272	7.44E-04	21816.91077	21833.15157	0.000 s
273	7.41E-04	21815.18008	21831.34855	0.002 s
274	7.38E-04	21814.85818	21830.95658	0.000 s
275	7.37E-04	21816.35668	21832.43442	0.000 s
276	7.34E-04	21816.03666	21832.04103	0.000 s
277	7.30E-04	21815.71906	21831.6507	0.000 s
278	7.27E-04	21815.40385	21831.26339	0.000 s
279	7.26E-04	21815.04649	21830.87907	0.000 s
280	7.23E-04	21816.55773	21832.33023	0.000 s
281	7.20E-04	21816.24285	21831.94453	0.000 s
282	7.17E-04	21815.9303	21831.56178	0.000 s
283	7.15E-04	21815.58247	21831.18194	0.000 s
284	7.13E-04	21817.05676	21832.61157	0.008 s
285	7.10E-04	21815.39619	21830.88686	0.002 s
286	7.07E-04	21815.09089	21830.51303	0.000 s
287	7.05E-04	21814.75593	21830.14201	0.000 s
288	7.03E-04	21816.21473	21831.55512	0.000 s
289	7.00E-04	21815.90972	21831.18276	0.000 s
290	6.97E-04	21815.60691	21830.81316	0.000 s
291	6.95E-04	21815.28095	21830.4463	0.000 s
292	6.93E-04	21816.71188	21831.839	0.002 s
293	6.90E-04	21816.40938	21831.47085	0.000 s
294	6.87E-04	21816.10904	21831.1054	0.000 s
295	6.85E-04	21815.79187	21830.74261	0.000 s
296	6.84E-04	21817.19088	21832.11547	0.038 s
297	6.82E-04	21815.59479	21830.46257	0.000 s
298	6.79E-04	21815.30114	21830.10528	0.000 s
299	6.76E-04	21814.99581	21829.75056	0.000 s
300	6.75E-04	21816.37852	21831.10819	0.000 s
301	6.72E-04	21816.08515	21830.75222	0.000 s
302	6.69E-04	21815.7938	21830.3988	0.000 s
303	6.67E-04	21815.4968	21830.04788	0.000 s
304	6.66E-04	21816.85382	21831.38665	0.000 s
305	6.63E-04	21816.56278	21831.03453	0.000 s
306	6.61E-04	21816.27372	21830.68489	0.000 s
307	6.58E-04	21815.98486	21830.3377	0.000 s
308	6.57E-04	21817.31452	21831.65813	0.048 s
309	6.55E-04	21815.77792	21830.07129	0.000 s
310	6.52E-04	21815.49506	21829.72916	0.000 s
311	6.50E-04	21815.2141	21829.38939	0.000 s
312	6.49E-04	21814.89606	21829.05197	0.000 s
313	6.47E-04	21816.24709	21830.35477	0.000 s
314	6.44E-04	21815.96637	21830.01617	0.000 s
315	6.41E-04	21815.68753	21829.67989	0.008 s
316	6.40E-04	21815.37768	21829.34589	0.000 s
317	6.38E-04	21816.70453	21830.63133	0.002 s
318	6.36E-04	21816.42595	21830.2962	0.000 s
319	6.33E-04	21816.1492	21829.96333	0.000 s
320	6.32E-04	21815.84738	21829.6327	0.000 s
321	6.31E-04	21817.13539	21830.90121	0.000 s
322	6.28E-04	21815.6745	21829.38112	0.000 s
323	6.26E-04	21815.40344	21829.0551	0.000 s
324	6.24E-04	21815.11217	21828.73125	0.010 s
325	6.23E-04	21816.39704	21829.98673	0.008 s
326	6.20E-04	21816.12621	21829.66177	0.000 s
327	6.18E-04	21815.85712	21829.33895	0.000 s
328	6.16E-04	21815.57348	21829.01825	0.000 s
329	6.15E-04	21816.83593	21830.2576	0.050 s
330	6.13E-04	21816.56709	21829.93583	0.000 s
331	6.10E-04	21816.29994	21829.61616	0.000 s
332	6.08E-04	21816.02379	21829.29856	0.000 s
333	6.08E-04	21817.25173	21830.52217	0.000 s
334	6.06E-04	21815.84102	21829.05814	0.000 s
335	6.03E-04	21815.57917	21828.7448	0.008 s
336	6.01E-04	21815.3128	21828.43347	0.000 s
337	6.01E-04	21816.53629	21829.64495	0.002 s
338	5.99E-04	21816.27467	21829.33259	0.000 s
339	5.96E-04	21816.01467	21829.0222	0.000 s
340	5.94E-04	21815.75542	21828.71379	0.000 s
341	5.94E-04	21816.95805	21829.91023	0.000 s
342	5.91E-04	21816.69829	21829.60081	0.000 s
343	5.89E-04	21816.44012	21829.29333	0.000 s
344	5.87E-04	21816.18352	21828.98778	0.000 s
345	5.86E-04	21815.89484	21828.68413	0.000 s
346	5.86E-04	21817.08797	21829.86303	0.000 s
347	5.83E-04	21815.74273	21828.45601	0.000 s
348	5.81E-04	21815.49103	21828.15627	0.000 s
349	5.80E-04	21815.21183	21827.85839	0.000 s
350	5.78E-04	21816.41293	21829.02602	0.000 s
351	5.76E-04	21816.16144	21828.72715	0.000 s
352	5.74E-04	21815.91143	21828.43012	0.000 s
353	5.73E-04	21815.63929	21828.13489	0.008 s
354	5.71E-04	21816.82059	21829.28855	0.000 s
355	5.69E-04	21816.57081	21828.99238	0.000 s
356	5.67E-04	21816.32249	21828.69799	0.000 s
357	5.66E-04	21816.05725	21828.40538	0.009 s
358	5.66E-04	21817.19775	21829.5454	0.000 s
359	5.63E-04	21815.89533	21828.18655	0.002 s
360	5.61E-04	21815.6516	21827.89758	0.000 s
361	5.60E-04	21815.39522	21827.61034	0.000 s
362	5.59E-04	21816.54201	21828.73981	0.000 s
363	5.57E-04	21816.29848	21828.45164	0.000 s
364	5.55E-04	21816.05634	21828.16518	0.000 s
365	5.53E-04	21815.80656	21827.88041	0.000 s
366	5.53E-04	21816.93485	21828.99681	0.000 s
367	5.51E-04	21816.69293	21828.71114	0.008 s
368	5.49E-04	21816.45238	21828.42714	0.000 s
369	5.47E-04	21816.20739	21828.1448	0.002 s
370	5.46E-04	21815.21532	21827.13161	0.000 s
371	5.46E-04	21816.32947	21828.2348	0.000 s
372	5.44E-04	21816.09239	21827.95496	0.000 s
373	5.42E-04	21815.85664	21827.67674	0.040 s
374	5.40E-04	21815.61859	21827.40012	0.000 s
375	5.40E-04	21816.71505	21828.49084	0.000 s
376	5.38E-04	21816.47949	21828.21335	0.000 s
377	5.36E-04	21816.24525	21827.93745	0.000 s
378	5.34E-04	21816.01229	21827.66312	0.000 s
379	5.34E-04	21815.74721	21827.39034	0.000 s
380	5.32E-04	21816.85853	21828.46646	0.000 s
381	5.30E-04	21816.62268	21828.19284	0.000 s
382	5.29E-04	21815.3835	21826.92011	0.000 s
383	5.28E-04	21815.12665	21826.65204	0.000 s
384	5.27E-04	21816.22409	21827.71875	0.008 s
385	5.25E-04	21815.99535	21827.44983	0.000 s
386	5.23E-04	21815.76785	21827.18242	0.002 s
387	5.23E-04	21815.51728	21826.9165	0.000 s
388	5.21E-04	21816.59783	21827.97153	0.000 s
389	5.20E-04	21816.37051	21827.70478	0.000 s
390	5.18E-04	21816.1444	21827.43951	0.000 s
391	5.17E-04	21815.90001	21827.17569	0.000 s
392	5.16E-04	21816.96402	21828.21932	0.000 s
393	5.14E-04	21816.73689	21827.9547	0.000 s
394	5.13E-04	21815.53347	21826.72151	0.008 s
395	5.12E-04	21815.2968	21826.46211	0.000 s
396	5.11E-04	21816.34779	21827.49687	0.000 s
397	5.09E-04	21816.12566	21827.23667	0.000 s
398	5.08E-04	21815.90469	21826.97787	0.000 s
399	5.06E-04	21815.67395	21826.72047	0.000 s
400	5.06E-04	21816.70905	21827.74425	0.008 s
401	5.04E-04	21816.48826	21827.48607	0.002 s
402	5.02E-04	21816.26861	21827.22927	0.000 s
403	5.01E-04	21816.04369	21826.97385	0.000 s
404	5.01E-04	21817.06324	21827.98688	0.000 s
405	4.99E-04	21816.84377	21827.73069	0.000 s
406	4.98E-04	21816.61397	21827.47587	0.010 s
407	4.96E-04	21815.4569	21826.28339	0.000 s
408	4.96E-04	21816.4642	21827.28807	0.000 s
409	4.94E-04	21816.2483	21827.03603	0.000 s
410	4.93E-04	21816.03351	21826.78531	0.000 s
411	4.91E-04	21815.8198	21826.5359	0.008 s
412	4.91E-04	21815.57707	21826.2878	0.002 s
413	4.90E-04	21816.59915	21827.28009	0.000 s
414	4.88E-04	21816.38561	21827.03124	0.000 s
415	4.86E-04	21816.17314	21826.78369	0.000 s
416	4.86E-04	21815.93618	21826.53742	0.000 s
417	4.85E-04	21816.94335	21827.5196	0.002 s
418	4.84E-04	21816.72158	21827.27261	0.000 s
419	4.82E-04	21815.59841	21826.11492	0.000 s
420	4.81E-04	21815.36858	21825.87251	0.000 s
421	4.81E-04	21816.36395	21826.84684	0.000 s
422	4.79E-04	21816.15499	21826.60371	0.000 s
423	4.77E-04	21815.94706	21826.36182	0.000 s
424	4.77E-04	21815.72278	21826.12116	0.008 s
425	4.76E-04	21816.70378	21827.08575	0.000 s
426	4.74E-04	21816.496	21826.84439	0.002 s
427	4.73E-04	21816.28924	21826.60424	0.000 s
428	4.72E-04	21816.07044	21826.3653	0.000 s
429	4.71E-04	21817.03734	21827.32034	0.000 s
430	4.70E-04	21816.82318	21827.08071	0.000 s
431	4.69E-04	21815.72948	21825.95584	0.000 s
432	4.68E-04	21815.51739	21825.72054	0.000 s
433	4.67E-04	21816.47317	21826.66816	0.010 s
434	4.66E-04	21816.26974	21826.43217	0.000 s
435	4.64E-04	21816.06728	21826.19736	0.000 s
436	4.63E-04	21815.86046	21825.96371	0.000 s
437	4.63E-04	21816.80265	21826.90211	0.008 s
438	4.61E-04	21816.60034	21826.66779	0.000 s
439	4.60E-04	21816.399	21826.43461	0.000 s
440	4.59E-04	21816.19736	21826.20258	0.000 s
441	4.59E-04	21817.12622	21827.13194	0.000 s
442	4.57E-04	21816.91925	21826.89926	0.000 s
443	4.56E-04	21815.85344	21825.80539	0.000 s
444	4.55E-04	21815.65605	21825.5768	0.000 s
445	4.55E-04	21815.43228	21825.34932	0.000 s
446	4.53E-04	21816.3783	21826.26988	0.008 s
447	4.52E-04	21816.18104	21826.04174	0.000 s
448	4.51E-04	21815.9847	21825.81471	0.002 s
449	4.50E-04	21815.76617	21825.58876	0.000 s
450	4.49E-04	21816.6991	21826.50062	0.000 s
451	4.48E-04	21816.5029	21826.27403	0.000 s
452	4.46E-04	21816.3076	21826.04852	0.000 s
453	4.46E-04	21816.09423	21825.82408	0.000 s
454	4.45E-04	21817.01023	21826.72741	0.000 s
455	4.44E-04	21815.97085	21825.66288	0.000 s
456	4.43E-04	21815.77839	21825.44063	0.000 s
457	4.42E-04	21815.57126	21825.21943	0.000 s
458	4.42E-04	21816.48117	21826.1161	0.000 s
459	4.40E-04	21816.28884	21825.89427	0.008 s
460	4.39E-04	21816.09739	21825.67348	0.000 s
461	4.38E-04	21815.89523	21825.45373	0.002 s
462	4.38E-04	21816.79273	21826.34215	0.000 s
463	4.36E-04	21816.60141	21826.12178	0.000 s
464	4.35E-04	21816.41095	21825.90244	0.000 s
465	4.34E-04	21816.2137	21825.68411	0.000 s
466	4.34E-04	21817.09653	21826.56442	0.000 s
467	4.33E-04	21816.08221	21825.52771	0.000 s
468	4.32E-04	21815.89445	21825.31145	0.000 s
469	4.31E-04	21815.70312	21825.09619	0.000 s
470	4.30E-04	21816.57878	21825.97018	0.008 s
471	4.29E-04	21816.39114	21825.75432	0.000 s
472	4.28E-04	21816.20434	21825.53945	0.002 s
473	4.27E-04	21816.01774	21825.32556	0.000 s
474	4.27E-04	21816.88161	21826.19171	0.000 s
475	4.25E-04	21816.69493	21825.97723	0.000 s
476	4.24E-04	21816.50908	21825.76373	0.000 s
477	4.23E-04	21816.32403	21825.55119	0.000 s
478	4.23E-04	21816.11553	21825.3396	0.000 s
479	4.22E-04	21816.98258	21826.19653	0.000 s
480	4.21E-04	21816.00471	21825.18874	0.000 s
481	4.20E-04	21815.82222	21824.97911	0.002 s
482	4.19E-04	21815.61953	21824.77041	0.000 s
483	4.19E-04	21816.48836	21825.62134	0.000 s
484	4.17E-04	21816.30598	21825.41207	0.000 s
485	4.16E-04	21816.12439	21825.20374	0.000 s
486	4.16E-04	21815.92643	21824.99633	0.000 s
487	4.15E-04	21816.78385	21825.83982	0.000 s
488	4.14E-04	21816.60237	21825.63185	0.000 s
489	4.13E-04	21816.42168	21825.4248	0.000 s
490	4.12E-04	21816.22837	21825.21866	0.000 s
491	4.12E-04	21817.06515	21826.05485	0.008 s
492	4.11E-04	21816.10957	21825.07202	0.000 s
493	4.10E-04	21815.93131	21824.86773	0.002 s
494	4.09E-04	21815.74353	21824.66433	0.000 s
495	4.09E-04	21816.58085	21825.49481	0.000 s
496	4.07E-04	21816.4027	21825.29087	0.000 s
497	4.06E-04	21816.2253	21825.08781	0.000 s
498	4.05E-04	21816.04202	21824.88563	0.000 s
499	4.05E-04	21816.86847	21825.70903	0.000 s
500	4.04E-04	21816.69119	21825.50632	0.000 s
501	4.03E-04	21816.51464	21825.30448	0.000 s
502	4.02E-04	21816.3358	21825.1035	0.008 s
503	4.02E-04	21817.14377	21825.91994	0.000 s
504	4.01E-04	21816.20944	21824.96086	0.000 s
505	4.00E-04	21816.03522	21824.76165	0.000 s
506	3.99E-04	21815.86164	21824.56329	0.000 s
507	3.99E-04	21816.66896	21825.37428	0.000 s
508	3.98E-04	21816.49484	21825.17539	0.000 s
509	3.97E-04	21816.32144	21824.97735	0.000 s
510	3.96E-04	21816.14875	21824.78015	0.000 s
511	3.96E-04	21815.95457	21824.58378	0.000 s
512	3.95E-04	21816.77584	21825.38667	0.000 s
513	3.94E-04	21816.60325	21825.18979	0.010 s
514	3.92E-04	21816.43137	21824.99373	0.002 s
515	3.92E-04	21816.24162	21824.79849	0.000 s
516	3.92E-04	21817.03682	21825.59476	0.000 s
517	3.91E-04	21816.13429	21824.6605	0.000 s
518	3.90E-04	21815.96461	21824.46693	0.000 s
519	3.89E-04	21815.78005	21824.27417	0.000 s
520	3.89E-04	21816.58273	21825.06526	0.000 s
521	3.88E-04	21816.41315	21824.87199	0.000 s
522	3.87E-04	21816.24425	21824.67953	0.000 s
523	3.86E-04	21816.06398	21824.48785	0.000 s
524	3.86E-04	21816.8566	21825.27251	0.008 s
525	3.85E-04	21816.68781	21825.08035	0.000 s
526	3.84E-04	21816.51969	21824.88898	0.000 s
527	3.83E-04	21816.34364	21824.69838	0.000 s
528	3.83E-04	21817.11235	21825.47672	0.000 s
529	3.82E-04	21816.22887	21824.56395	0.000 s
530	3.81E-04	21816.06285	21824.37494	0.000 s
531	3.80E-04	21815.89176	21824.18671	0.000 s
532	3.80E-04	21816.66664	21824.96009	0.000 s
533	3.79E-04	21816.50072	21824.77138	0.000 s
534	3.78E-04	21816.33546	21824.58343	0.000 s
535	3.77E-04	21816.16847	21824.39623	0.000 s
536	3.77E-04	21816.93375	21825.16347	0.000 s
537	3.76E-04	21816.76858	21824.97581	0.000 s
538	3.75E-04	21816.60406	21824.7889	0.000 s
539	3.74E-04	21816.43732	21824.60274	0.002 s
540	3.75E-04	21815.53853	21823.71045	0.000 s
541	3.74E-04	21816.31924	21824.47168	0.000 s
542	3.73E-04	21816.15673	21824.28703	0.000 s
543	3.72E-04	21815.99485	21824.10312	0.000 s
544	3.72E-04	21815.81321	21823.91993	0.000 s
545	3.71E-04	21816.58444	21824.6752	0.000 s
546	3.70E-04	21816.42265	21824.49156	0.000 s
547	3.69E-04	21816.26148	21824.30864	0.000 s
548	3.69E-04	21816.08393	21824.12644	0.000 s
549	3.68E-04	21816.84582	21824.87585	0.008 s
550	3.67E-04	21816.68474	21824.6932	0.000 s
551	3.66E-04	21816.52276	21824.51126	0.002 s
552	3.66E-04	21815.65124	21823.6386	0.000 s
553	3.66E-04	21816.40569	21824.38342	0.000 s
554	3.65E-04	21816.24654	21824.20293	0.000 s
555	3.64E-04	21816.088	21824.02315	0.000 s
556	3.63E-04	21815.91917	21823.84406	0.000 s
557	3.63E-04	21816.66454	21824.58318	0.000 s
558	3.62E-04	21816.50609	21824.40365	0.000 s
559	3.61E-04	21816.34822	21824.22481	0.008 s
560	3.60E-04	21816.18332	21824.04666	0.002 s
561	3.60E-04	21816.91975	21824.78016	0.000 s
562	3.59E-04	21816.76198	21824.60158	0.000 s
563	3.58E-04	21816.60455	21824.42369	0.000 s
564	3.58E-04	21815.75914	21823.56981	0.000 s
565	3.58E-04	21816.48846	21824.29891	0.000 s
566	3.57E-04	21816.33254	21824.1224	0.000 s
567	3.56E-04	21816.1772	21823.94657	0.000 s
568	3.55E-04	21816.02065	21823.7714	0.000 s
569	3.55E-04	21816.74126	21824.49503	0.000 s
570	3.54E-04	21816.58601	21824.31944	0.000 s
571	3.54E-04	21816.43132	21824.14451	0.008 s
572	3.53E-04	21816.2772	21823.97024	0.000 s
573	3.53E-04	21816.10215	21823.79663	0.000 s
574	3.52E-04	21816.83598	21824.51381	0.000 s
575	3.51E-04	21816.68195	21824.33978	0.000 s
576	3.50E-04	21816.52099	21824.1664	0.010 s
577	3.50E-04	21815.68808	21823.33225	0.008 s
578	3.50E-04	21816.41497	21824.04522	0.000 s
579	3.49E-04	21816.2627	21823.87316	0.000 s
580	3.48E-04	21816.11098	21823.70174	0.002 s
581	3.48E-04	21815.94423	21823.53096	0.000 s
582	3.47E-04	21816.66263	21824.23871	0.000 s
583	3.46E-04	21816.51099	21824.06752	0.000 s
584	3.45E-04	21816.3599	21823.89696	0.000 s
585	3.45E-04	21816.19691	21823.72703	0.000 s
586	3.45E-04	21816.90695	21824.42963	0.000 s
587	3.44E-04	21816.75594	21824.2593	0.000 s
588	3.43E-04	21816.59933	21824.0896	0.000 s
589	3.43E-04	21815.79065	21823.27262	0.000 s
590	3.43E-04	21816.49403	21823.97118	0.000 s
591	3.42E-04	21816.34472	21823.80274	0.009 s
592	3.41E-04	21816.19594	21823.63492	0.000 s
593	3.40E-04	21816.04091	21823.4677	0.000 s
594	3.40E-04	21816.73615	21824.16125	0.000 s
595	3.39E-04	21816.58745	21823.99364	0.000 s
596	3.39E-04	21816.43927	21823.82664	0.000 s
597	3.38E-04	21816.28785	21823.66024	0.000 s
598	3.38E-04	21816.97507	21824.34884	0.000 s
599	3.37E-04	21816.82697	21824.18205	0.000 s
600	3.37E-04	21816.67454	21824.01587	0.000 s
601	3.36E-04	21815.88912	21823.21538	0.000 s
602	3.36E-04	21816.56995	21823.9001	0.000 s
603	3.35E-04	21816.42348	21823.73513	0.010 s
604	3.34E-04	21816.27752	21823.57075	0.000 s
605	3.33E-04	21816.13206	21823.40695	0.000 s
606	3.34E-04	21815.96722	21823.24374	0.002 s
607	3.33E-04	21816.66088	21823.92268	0.000 s
608	3.32E-04	21816.5155	21823.75909	0.000 s
609	3.31E-04	21816.37062	21823.59608	0.000 s
610	3.31E-04	21816.20938	21823.43365	0.000 s
611	3.31E-04	21816.89521	21824.10785	0.000 s
612	3.30E-04	21816.74679	21823.94504	0.000 s
613	3.29E-04	21815.97674	21823.16038	0.000 s
614	3.29E-04	21815.81959	21822.99967	0.000 s
615	3.29E-04	21816.49916	21823.67015	0.000 s
616	3.28E-04	21816.35592	21823.50908	0.000 s
617	3.27E-04	21816.21316	21823.34857	0.008 s
618	3.27E-04	21816.05953	21823.18862	0.000 s
619	3.26E-04	21816.73146	21823.85448	0.002 s
620	3.26E-04	21816.58878	21823.69416	0.000 s
621	3.25E-04	21816.44658	21823.53441	0.000 s
622	3.24E-04	21816.29642	21823.3752	0.000 s
623	3.24E-04	21816.96082	21824.0365	0.000 s
624	3.24E-04	21816.81627	21823.87694	0.000 s
625	3.23E-04	21816.05979	21823.10749	0.000 s
626	3.23E-04	21815.91356	21822.94995	0.000 s
627	3.22E-04	21816.57194	21823.60767	0.000 s
628	3.22E-04	21816.43132	21823.44977	0.008 s
629	3.21E-04	21816.29117	21823.29242	0.000 s
630	3.20E-04	21816.14833	21823.1356	0.000 s
631	3.20E-04	21816.79936	21823.78887	0.000 s
632	3.20E-04	21816.65927	21823.6317	0.000 s
633	3.19E-04	21816.51965	21823.47507	0.000 s
634	3.18E-04	21816.38017	21823.31897	0.000 s
635	3.18E-04	21817.02394	21823.96785	0.000 s
636	3.18E-04	21816.88312	21823.81141	0.000 s
637	3.17E-04	21816.13971	21823.0566	0.000 s
638	3.16E-04	21816.00199	21822.9021	0.000 s
639	3.16E-04	21815.84627	21822.74812	0.000 s
640	3.16E-04	21816.50389	21823.39269	0.000 s
641	3.15E-04	21816.36625	21823.23837	0.000 s
642	3.14E-04	21816.22905	21823.08457	0.000 s
643	3.14E-04	21816.07671	21822.93128	0.000 s
644	3.14E-04	21816.72714	21823.57157	0.000 s
645	3.13E-04	21816.59001	21823.41795	0.000 s
646	3.12E-04	21816.45332	21823.26483	0.000 s
647	3.12E-04	21816.30433	21823.11223	0.000 s
648	3.12E-04	21816.94749	21823.74831	0.000 s
649	3.11E-04	21816.21666	21823.00759	0.000 s
650	3.11E-04	21816.08137	21822.85602	0.000 s
651	3.10E-04	21815.93613	21822.70495	0.000 s
652	3.10E-04	21816.57379	21823.33771	0.000 s
653	3.09E-04	21816.43856	21823.18631	0.015 s
654	3.09E-04	21816.30377	21823.03541	0.000 s
655	3.08E-04	21816.16179	21822.885	0.000 s
656	3.08E-04	21816.79252	21823.51365	0.000 s
657	3.07E-04	21816.65779	21823.36291	0.000 s
658	3.07E-04	21816.52349	21823.21267	0.000 s
659	3.06E-04	21816.38475	21823.06293	0.000 s
660	3.06E-04	21817.00863	21823.68751	0.000 s
661	3.06E-04	21816.86792	21823.53744	0.000 s
662	3.05E-04	21816.15788	21822.81161	0.000 s
663	3.04E-04	21816.02274	21822.66334	0.000 s
664	3.05E-04	21816.64116	21823.28472	0.000 s
665	3.04E-04	21816.50827	21823.13613	0.000 s
666	3.03E-04	21816.3758	21822.98802	0.000 s
667	3.02E-04	21816.24374	21822.84039	0.016 s
668	3.03E-04	21816.0926	21822.69324	0.000 s
669	3.02E-04	21816.72314	21823.30986	0.000 s
670	3.01E-04	21816.59115	21823.16238	0.000 s
671	3.00E-04	21816.45957	21823.01539	0.000 s
672	3.01E-04	21816.31165	21822.86886	0.000 s
673	3.00E-04	21816.93017	21823.48157	0.000 s
674	3.00E-04	21816.23165	21822.76878	0.000 s
675	2.99E-04	21816.10136	21822.62321	0.000 s
676	2.99E-04	21815.95703	21822.4781	0.000 s
677	2.98E-04	21816.5755	21823.08773	0.000 s
678	2.98E-04	21816.44528	21822.94231	0.000 s
679	2.97E-04	21816.31545	21822.79736	0.000 s
680	2.97E-04	21816.17427	21822.65286	0.000 s
681	2.97E-04	21816.78619	21823.25867	0.000 s
682	2.96E-04	21816.65643	21823.11387	0.000 s
683	2.95E-04	21816.52706	21822.96952	0.000 s
684	2.95E-04	21816.389	21822.82563	0.000 s
685	2.95E-04	21816.99024	21823.42766	0.000 s
686	2.94E-04	21816.30284	21822.72745	0.016 s
687	2.94E-04	21816.17473	21822.58448	0.000 s
688	2.93E-04	21816.04012	21822.44196	0.000 s
689	2.93E-04	21816.64039	21823.04102	0.000 s
690	2.93E-04	21816.51234	21822.8982	0.000 s
691	2.92E-04	21816.38466	21822.75582	0.000 s
692	2.92E-04	21816.25311	21822.61389	0.000 s
693	2.92E-04	21816.84705	21823.20926	0.000 s
694	2.91E-04	21816.71944	21823.06703	0.000 s
695	2.90E-04	21816.59221	21822.92524	0.000 s
696	2.90E-04	21816.46368	21822.78389	0.000 s
697	2.90E-04	21817.04823	21823.37562	0.000 s
698	2.90E-04	21816.37159	21822.68755	0.015 s
699	2.89E-04	21816.24557	21822.54709	0.000 s
700	2.88E-04	21816.11993	21822.40706	0.000 s
701	2.88E-04	21815.97644	21822.26746	0.000 s
702	2.88E-04	21816.5771	21822.85559	0.000 s
703	2.87E-04	21816.45151	21822.7157	0.000 s
704	2.86E-04	21816.3263	21822.57624	0.000 s
705	2.87E-04	21816.18586	21822.43721	0.000 s
706	2.86E-04	21816.78031	21823.02179	0.000 s
707	2.85E-04	21816.65516	21822.88247	0.000 s
708	2.85E-04	21816.53037	21822.74357	0.000 s
709	2.85E-04	21816.39295	21822.6051	0.000 s
710	2.85E-04	21816.97231	21823.18616	0.000 s
711	2.84E-04	21816.31402	21822.51095	0.000 s
712	2.83E-04	21816.19039	21822.37333	0.000 s
713	2.83E-04	21816.05629	21822.23613	0.000 s
714	2.83E-04	21816.63969	21822.81442	0.000 s
715	2.82E-04	21816.51612	21822.67694	0.000 s
716	2.82E-04	21816.39291	21822.53986	0.000 s
717	2.82E-04	21816.26175	21822.40321	0.000 s
718	2.81E-04	21816.83915	21822.97806	0.000 s
719	2.81E-04	21816.716	21822.84112	0.016 s
720	2.80E-04	21816.5932	21822.70459	0.000 s
721	2.80E-04	21816.46497	21822.56848	0.000 s
722	2.80E-04	21817.02859	21823.13993	0.000 s
723	2.79E-04	21816.38019	21822.47602	0.000 s
724	2.79E-04	21816.25853	21822.34073	0.000 s
725	2.78E-04	21816.13349	21822.20584	0.000 s
726	2.78E-04	21816.7002	21822.77461	0.000 s
727	2.78E-04	21816.57859	21822.63945	0.000 s
728	2.77E-04	21816.45733	21822.50469	0.000 s
729	2.77E-04	21816.33514	21822.37032	0.000 s
730	2.77E-04	21816.89605	21822.93577	0.000 s
731	2.76E-04	21816.77484	21822.80113	0.000 s
732	2.76E-04	21816.65398	21822.6669	0.000 s
733	2.75E-04	21816.53346	21822.53306	0.000 s
734	2.75E-04	21816.39663	21822.39961	0.000 s
735	2.75E-04	21816.95561	21822.96111	0.000 s
736	2.74E-04	21816.32443	21822.30919	0.000 s
737	2.74E-04	21816.205	21822.17654	0.000 s
738	2.74E-04	21816.07136	21822.04427	0.000 s
739	2.73E-04	21816.63903	21822.60318	0.000 s
740	2.73E-04	21816.51965	21822.47065	0.015 s
741	2.72E-04	21816.4006	21822.33851	0.000 s
742	2.72E-04	21816.26982	21822.20674	0.000 s
743	2.72E-04	21816.83178	21822.76244	0.000 s
744	2.71E-04	21816.71279	21822.63042	0.000 s
745	2.71E-04	21816.59413	21822.49878	0.000 s
746	2.70E-04	21816.46617	21822.36752	0.000 s
747	2.71E-04	21817.01027	21822.92004	0.007 s
748	2.70E-04	21816.38823	21822.27866	0.000 s
749	2.69E-04	21816.27062	21822.14817	0.000 s
750	2.69E-04	21816.14574	21822.01806	0.002 s
751	2.69E-04	21816.69754	21822.56807	0.000 s
752	2.68E-04	21816.57998	21822.4377	0.000 s
753	2.68E-04	21816.46275	21822.3077	0.000 s
754	2.68E-04	21816.34064	21822.17808	0.000 s
755	2.68E-04	21816.88691	21822.72498	0.000 s
756	2.67E-04	21816.76973	21822.5951	0.000 s
757	2.66E-04	21816.65288	21822.46559	0.000 s
758	2.66E-04	21816.53142	21822.33645	0.000 s
759	2.66E-04	21816.04921	21821.85145	0.000 s
760	2.66E-04	21816.59205	21822.39515	0.008 s
761	2.65E-04	21816.47601	21822.26655	0.002 s
762	2.65E-04	21816.3603	21822.1383	0.000 s
763	2.64E-04	21816.2423	21822.01042	0.000 s
764	2.65E-04	21816.77972	21822.55108	0.000 s
765	2.64E-04	21816.66405	21822.42295	0.000 s
766	2.63E-04	21816.5487	21822.29518	0.008 s
767	2.63E-04	21816.4334	21822.16777	0.000 s
768	2.63E-04	21816.96546	21822.70542	0.002 s
769	2.63E-04	21816.85016	21822.57777	0.000 s
770	2.62E-04	21816.73176	21822.45047	0.000 s
771	2.62E-04	21816.12026	21821.82896	0.000 s
772	2.62E-04	21815.99124	21821.70299	0.000 s
773	2.61E-04	21816.53539	21822.23767	0.000 s
774	2.61E-04	21816.42139	21822.11145	0.000 s
775	2.60E-04	21816.3077	21821.98558	0.000 s
776	2.60E-04	21816.18139	21821.86006	0.010 s
777	2.60E-04	21816.72021	21822.3918	0.000 s
778	2.59E-04	21816.60657	21822.26604	0.000 s
779	2.59E-04	21816.49323	21822.14062	0.000 s
780	2.59E-04	21816.36962	21822.01556	0.000 s
781	2.59E-04	21816.90317	21822.54439	0.000 s
782	2.58E-04	21816.78741	21822.41909	0.000 s
783	2.58E-04	21816.18433	21821.80717	0.008 s
784	2.58E-04	21816.06362	21821.68314	0.002 s
785	2.57E-04	21816.59294	21822.20967	0.000 s
786	2.57E-04	21816.48061	21822.08541	0.008 s
787	2.56E-04	21816.36858	21821.96149	0.000 s
788	2.56E-04	21816.25051	21821.83791	0.002 s
789	2.56E-04	21816.77466	21822.36159	0.000 s
790	2.56E-04	21816.66268	21822.23778	0.000 s
791	2.55E-04	21816.55098	21822.1143	0.000 s
792	2.55E-04	21816.43553	21821.99116	0.000 s
793	2.55E-04	21816.95457	21822.51202	0.000 s
794	2.54E-04	21816.84138	21822.38865	0.002 s
795	2.54E-04	21816.24646	21821.78602	0.000 s
796	2.53E-04	21816.13382	21821.66389	0.000 s
797	2.54E-04	21816.64877	21822.18252	0.000 s
798	2.53E-04	21816.53805	21822.06016	0.008 s
799	2.53E-04	21816.42763	21821.93814	0.000 s
800	2.52E-04	21816.31749	21821.81643	0.002 s
801	2.52E-04	21816.19137	21821.69506	0.000 s
802	2.52E-04	21816.7171	21822.21037	0.000 s
803	2.51E-04	21816.60701	21822.08877	0.000 s
804	2.51E-04	21816.4972	21821.9675	0.000 s
805	2.51E-04	21816.3737	21821.84655	0.000 s
806	2.51E-04	21816.89374	21822.35912	0.000 s
807	2.50E-04	21816.30674	21821.76551	0.000 s
808	2.50E-04	21816.19784	21821.64522	0.000 s
809	2.50E-04	21816.07714	21821.52525	0.000 s
810	2.49E-04	21816.59379	21822.03566	0.000 s
811	2.49E-04	21816.48493	21821.91547	0.000 s
812	2.48E-04	21816.37634	21821.79559	0.002 s
813	2.48E-04	21816.25821	21821.67603	0.000 s
814	2.48E-04	21816.76992	21822.18377	0.000 s
815	2.48E-04	21816.66138	21822.06399	0.000 s
816	2.47E-04	21816.55312	21821.94453	0.000 s
817	2.47E-04	21816.43753	21821.82538	0.000 s
818	2.47E-04	21816.94435	21822.33046	0.000 s
819	2.47E-04	21816.8304	21822.2111	0.000 s
820	2.46E-04	21816.25788	21821.62709	0.000 s
821	2.46E-04	21816.145	21821.50889	0.009 s
822	2.46E-04	21816.6479	21822.01188	0.000 s
823	2.45E-04	21816.54056	21821.89346	0.002 s
824	2.45E-04	21816.43349	21821.77536	0.000 s
825	2.45E-04	21816.3231	21821.65756	0.000 s
826	2.45E-04	21816.82121	21822.15794	0.000 s
827	2.44E-04	21816.71418	21822.03993	0.000 s
828	2.44E-04	21816.60742	21821.92223	0.000 s
829	2.43E-04	21816.49951	21821.80483	0.000 s
830	2.43E-04	21816.99287	21822.30263	0.000 s
831	2.43E-04	21816.88134	21822.18503	0.008 s
832	2.43E-04	21816.31618	21821.60949	0.002 s
833	2.42E-04	21816.21054	21821.49301	0.000 s
834	2.42E-04	21816.08985	21821.37683	0.000 s
835	2.42E-04	21816.59459	21821.87209	0.000 s
836	2.41E-04	21816.48899	21821.7557	0.000 s
837	2.41E-04	21816.38365	21821.63962	0.000 s
838	2.41E-04	21816.26546	21821.52383	0.000 s
839	2.41E-04	21816.76547	21822.01656	0.000 s
840	2.40E-04	21816.66017	21821.90056	0.000 s
841	2.40E-04	21816.55513	21821.78486	0.000 s
842	2.40E-04	21816.43941	21821.66946	0.002 s
843	2.40E-04	21816.93083	21822.15969	0.000 s
844	2.39E-04	21816.37282	21821.59239	0.000 s
845	2.39E-04	21816.26862	21821.47758	0.000 s
846	2.39E-04	21816.15552	21821.36306	0.000 s
847	2.39E-04	21816.64709	21821.85133	0.000 s
848	2.38E-04	21816.54292	21821.73661	0.000 s
849	2.38E-04	21816.439	21821.62218	0.000 s
850	2.37E-04	21816.32833	21821.50804	0.000 s
851	2.37E-04	21816.8153	21821.99385	0.000 s
852	2.37E-04	21816.71143	21821.87951	0.008 s
853	2.36E-04	21816.60781	21821.76546	0.000 s
854	2.36E-04	21816.49955	21821.6517	0.000 s
855	2.36E-04	21816.97893	21822.13508	0.002 s
856	2.36E-04	21816.42788	21821.57576	0.000 s
857	2.35E-04	21816.32506	21821.46258	0.000 s
858	2.35E-04	21816.21935	21821.34968	0.000 s
859	2.35E-04	21816.69812	21821.83114	0.000 s
860	2.35E-04	21816.59534	21821.71805	0.000 s
861	2.34E-04	21816.49281	21821.60523	0.000 s
862	2.34E-04	21816.38946	21821.4927	0.000 s
863	2.34E-04	21816.86376	21821.97177	0.000 s
864	2.34E-04	21816.76127	21821.85904	0.000 s
865	2.33E-04	21816.65903	21821.7466	0.008 s
866	2.33E-04	21816.55703	21821.63443	0.000 s
867	2.33E-04	21816.44119	21821.52254	0.002 s
868	2.33E-04	21816.91788	21821.99878	0.000 s
869	2.32E-04	21816.37995	21821.448	0.000 s
870	2.32E-04	21816.27874	21821.33667	0.000 s
871	2.32E-04	21816.16544	21821.22562	0.000 s
872	2.32E-04	21816.64632	21821.69999	0.000 s
873	2.31E-04	21816.54514	21821.58875	0.000 s
874	2.31E-04	21816.44421	21821.47778	0.000 s
875	2.31E-04	21816.33327	21821.36708	0.000 s
876	2.31E-04	21816.80974	21821.83914	0.000 s
877	2.30E-04	21816.70884	21821.72825	0.000 s
878	2.30E-04	21816.60818	21821.61764	0.008 s
879	2.30E-04	21816.49959	21821.50729	0.000 s
880	2.30E-04	21816.96479	21821.97705	0.002 s
881	2.29E-04	21816.43335	21821.43382	0.000 s
882	2.29E-04	21816.33345	21821.32402	0.008 s
883	2.29E-04	21816.22732	21821.21449	0.002 s
884	2.29E-04	21816.69592	21821.68244	0.000 s
885	2.28E-04	21816.59605	21821.57272	0.000 s
886	2.28E-04	21816.49642	21821.46326	0.000 s
887	2.27E-04	21816.3926	21821.35408	0.000 s
888	2.27E-04	21816.8569	21821.81977	0.008 s
889	2.27E-04	21816.75731	21821.7104	0.002 s
890	2.27E-04	21816.65795	21821.60129	0.000 s
891	2.26E-04	21816.55641	21821.49245	0.000 s
892	2.27E-04	21817.01044	21821.95591	0.000 s
893	2.26E-04	21816.48531	21821.42001	0.000 s
894	2.26E-04	21816.38669	21821.3117	0.000 s
895	2.25E-04	21816.28755	21821.20365	0.008 s
896	2.26E-04	21816.74418	21821.66535	0.002 s
897	2.25E-04	21816.6456	21821.55711	0.000 s
898	2.25E-04	21816.54725	21821.44914	0.000 s
899	2.24E-04	21816.44912	21821.34142	0.000 s
900	2.24E-04	21816.33793	21821.23397	0.000 s
901	2.24E-04	21816.80449	21821.69303	0.000 s
902	2.24E-04	21816.7064	21821.58539	0.000 s
903	2.23E-04	21816.60853	21821.47801	0.008 s
904	2.23E-04	21816.49962	21821.37088	0.000 s
905	2.24E-04	21816.95144	21821.82777	0.000 s
906	2.23E-04	21816.43852	21821.29971	0.000 s
907	2.22E-04	21816.34137	21821.1931	0.000 s
908	2.22E-04	21816.23486	21821.08674	0.000 s
909	2.22E-04	21816.69384	21821.54192	0.000 s
910	2.22E-04	21816.59673	21821.43538	0.000 s
911	2.21E-04	21816.49984	21821.3291	0.002 s
912	2.21E-04	21816.39557	21821.22307	0.000 s
913	2.21E-04	21816.85042	21821.67611	0.008 s
914	2.21E-04	21816.75357	21821.5699	0.000 s
915	2.20E-04	21816.65694	21821.46394	0.002 s
916	2.20E-04	21816.55489	21821.35823	0.000 s
917	2.21E-04	21816.99601	21821.80916	0.000 s
918	2.20E-04	21816.48899	21821.28804	0.000 s
919	2.20E-04	21816.39306	21821.18283	0.000 s
920	2.19E-04	21816.29335	21821.07787	0.000 s
921	2.19E-04	21816.74082	21821.52713	0.000 s
922	2.19E-04	21816.64492	21821.42199	0.000 s
923	2.19E-04	21816.54924	21821.3171	0.002 s
924	2.18E-04	21816.45171	21821.21246	0.000 s
925	2.18E-04	21816.89517	21821.65963	0.000 s
926	2.18E-04	21816.79952	21821.55482	0.000 s
927	2.18E-04	21816.70409	21821.45024	0.000 s
928	2.17E-04	21816.60563	21821.34591	0.000 s
929	2.17E-04	21816.21307	21820.95091	0.000 s
930	2.17E-04	21816.65421	21821.39595	0.008 s
931	2.17E-04	21816.55932	21821.29196	0.000 s
932	2.17E-04	21816.46465	21821.18822	0.000 s
933	2.16E-04	21816.37019	21821.08472	0.000 s
934	2.16E-04	21816.26199	21820.98145	0.000 s
935	2.16E-04	21816.71279	21821.42404	0.000 s
936	2.16E-04	21816.61836	21821.32061	0.000 s
937	2.15E-04	21816.52414	21821.21741	0.000 s
938	2.15E-04	21816.41814	21821.11445	0.000 s
939	2.15E-04	21816.86496	21821.55502	0.008 s
940	2.15E-04	21816.76828	21821.4519	0.000 s
941	2.14E-04	21816.26702	21820.94397	0.000 s
942	2.14E-04	21816.16331	21820.84172	0.000 s
943	2.14E-04	21816.60692	21821.2807	0.000 s
944	2.14E-04	21816.5134	21821.17828	0.000 s
945	2.13E-04	21816.42009	21821.0761	0.000 s
946	2.13E-04	21816.31853	21820.97415	0.000 s
947	2.13E-04	21816.75824	21821.41114	0.008 s
948	2.13E-04	21816.66495	21821.30903	0.000 s
949	2.12E-04	21816.57188	21821.20715	0.000 s
950	2.12E-04	21816.47246	21821.1055	0.002 s
951	2.12E-04	21816.90829	21821.54052	0.000 s
952	2.12E-04	21816.81352	21821.43871	0.000 s
953	2.12E-04	21816.3178	21820.9372	0.000 s
954	2.12E-04	21816.22061	21820.83625	0.000 s
955	2.12E-04	21816.65332	21821.26971	0.000 s
956	2.11E-04	21816.56093	21821.16859	0.000 s
957	2.11E-04	21816.46873	21821.0677	0.000 s
958	2.11E-04	21816.37365	21820.96704	0.000 s
959	2.11E-04	21816.80255	21821.39857	0.000 s
960	2.10E-04	21816.71038	21821.29774	0.011 s
961	2.10E-04	21816.61842	21821.19715	0.002 s
962	2.10E-04	21816.52543	21821.09677	0.000 s
963	2.10E-04	21816.95055	21821.52639	0.000 s
964	2.09E-04	21816.85764	21821.42585	0.000 s
965	2.09E-04	21816.36731	21820.9306	0.000 s
966	2.09E-04	21816.27618	21820.83091	0.000 s
967	2.09E-04	21816.17204	21820.73143	0.000 s
968	2.09E-04	21816.60727	21821.15915	0.008 s
969	2.08E-04	21816.51617	21821.05951	0.002 s
970	2.08E-04	21816.42526	21820.9601	0.000 s
971	2.08E-04	21816.32323	21820.86091	0.000 s
972	2.08E-04	21816.75469	21821.28674	0.000 s
973	2.07E-04	21816.66382	21821.18739	0.000 s
974	2.07E-04	21816.57314	21821.08826	0.000 s
975	2.07E-04	21816.47319	21820.98935	0.000 s
976	2.07E-04	21816.90067	21821.41331	0.008 s
977	2.07E-04	21816.41561	21820.92417	0.000 s
978	2.06E-04	21816.32555	21820.8257	0.002 s
979	2.06E-04	21816.22777	21820.72744	0.000 s
980	2.06E-04	21816.65248	21821.14993	0.000 s
981	2.06E-04	21816.56245	21821.05152	0.000 s
982	2.05E-04	21816.4726	21820.95333	0.000 s
983	2.05E-04	21816.37688	21820.85535	0.008 s
984	2.05E-04	21816.79792	21821.276	0.000 s
985	2.05E-04	21816.70811	21821.17787	0.002 s
986	2.04E-04	21816.61848	21821.07995	0.000 s
987	2.04E-04	21816.5248	21820.98225	0.000 s
988	2.04E-04	21816.94219	21821.40107	0.000 s
989	2.04E-04	21816.84813	21821.30322	0.000 s
990	2.04E-04	21816.37371	21820.82062	0.000 s
991	2.04E-04	21816.28215	21820.72356	0.000 s
992	2.04E-04	21816.6966	21821.14094	0.000 s
993	2.03E-04	21816.60761	21821.04373	0.008 s
994	2.03E-04	21816.5188	21820.94672	0.002 s
995	2.03E-04	21816.42924	21820.84993	0.000 s
996	2.03E-04	21816.8401	21821.26552	0.000 s
997	2.02E-04	21816.75133	21821.16858	0.000 s
998	2.02E-04	21816.66274	21821.07185	0.000 s
999	2.02E-04	21816.57433	21820.97532	0.000 s
1000	2.02E-04	21816.47389	21820.87901	0.000 s
1001	2.02E-04	21816.8902	21821.29246	0.000 s
1002	2.01E-04	21816.42073	21820.81566	0.008 s
1003	2.01E-04	21816.33291	21820.71976	0.000 s
1004	2.01E-04	21816.23457	21820.62407	0.000 s
1005	2.01E-04	21816.65169	21821.03612	0.000 s
1006	2.01E-04	21816.56389	21820.94028	0.000 s
1007	2.00E-04	21816.47628	21820.84464	0.000 s
1008	2.00E-04	21816.37996	21820.74921	0.000 s
1009	2.00E-04	21816.79352	21821.15951	0.000 s
1010	2.00E-04	21816.70594	21821.06394	0.000 s
1011	1.99E-04	21816.61854	21820.96856	0.000 s
1012	1.99E-04	21816.52421	21820.87339	0.008 s
1013	1.99E-04	21816.93127	21821.28196	0.002 s
1014	1.99E-04	21816.46663	21820.81082	0.000 s
1015	1.99E-04	21816.3798	21820.71606	0.000 s
1016	1.99E-04	21816.28753	21820.6215	0.000 s
1017	1.99E-04	21816.69472	21821.02869	0.000 s
1018	1.98E-04	21816.60792	21820.93398	0.000 s
1019	1.98E-04	21816.5213	21820.83948	0.000 s
1020	1.98E-04	21816.431	21820.74517	0.000 s
1021	1.98E-04	21816.83472	21821.15066	0.000 s
1022	1.97E-04	21816.74813	21821.05621	0.000 s
1023	1.97E-04	21816.66171	21820.96196	0.000 s
1024	1.97E-04	21816.57336	21820.86791	0.000 s
1025	1.97E-04	21816.97138	21821.2717	0.000 s
1026	1.97E-04	21816.51145	21820.80609	0.000 s
1027	1.96E-04	21816.4256	21820.71244	0.000 s
1028	1.96E-04	21816.33925	21820.61898	0.000 s
1029	1.96E-04	21816.73676	21821.02143	0.000 s
1030	1.96E-04	21816.65093	21820.92784	0.000 s
1031	1.96E-04	21816.56527	21820.83444	0.000 s
1032	1.95E-04	21816.47979	21820.74123	0.000 s
1033	1.96E-04	21816.38289	21820.64822	0.000 s
1034	1.95E-04	21816.78934	21821.04867	0.000 s
1035	1.95E-04	21816.70388	21820.95551	0.008 s
1036	1.95E-04	21816.6186	21820.86256	0.002 s
1037	1.95E-04	21816.52365	21820.76979	0.000 s
1038	1.95E-04	21816.92044	21821.16859	0.000 s
1039	1.94E-04	21816.47033	21820.7089	0.000 s
1040	1.94E-04	21816.38559	21820.61653	0.000 s
1041	1.94E-04	21816.29265	21820.52435	0.000 s
1042	1.94E-04	21816.69294	21820.92183	0.000 s
1043	1.93E-04	21816.60823	21820.82951	0.000 s
1044	1.93E-04	21816.52368	21820.73738	0.000 s
1045	1.93E-04	21816.43267	21820.64544	0.008 s
1046	1.93E-04	21816.8296	21821.04129	0.000 s
1047	1.93E-04	21816.74508	21820.94922	0.002 s
1048	1.92E-04	21816.66073	21820.85733	0.000 s
1049	1.92E-04	21816.57163	21820.76563	0.000 s
1050	1.93E-04	21816.95972	21821.15987	0.000 s
1051	1.92E-04	21816.51405	21820.70545	0.000 s
1052	1.92E-04	21816.43023	21820.61413	0.000 s
1053	1.92E-04	21816.34309	21820.523	0.008 s
1054	1.92E-04	21816.734	21820.91596	0.002 s
1055	1.91E-04	21816.65021	21820.82469	0.000 s
1056	1.91E-04	21816.56658	21820.73361	0.000 s
1057	1.91E-04	21816.48132	21820.64272	0.000 s
1058	1.91E-04	21816.86895	21821.03409	0.000 s
1059	1.91E-04	21816.78535	21820.94306	0.000 s
1060	1.90E-04	21816.70192	21820.85222	0.000 s
1061	1.90E-04	21816.61853	21820.76155	0.000 s
1062	1.90E-04	21816.9981	21821.15135	0.000 s
1063	1.90E-04	21816.55678	21820.70208	0.000 s
1064	1.90E-04	21816.47387	21820.61179	0.008 s
1065	1.89E-04	21816.39112	21820.52168	0.000 s
1066	1.90E-04	21816.29754	21820.43176	0.000 s
1067	1.89E-04	21816.69125	21820.81999	0.000 s
1068	1.89E-04	21816.60852	21820.72993	0.000 s
1069	1.89E-04	21816.52596	21820.64006	0.000 s
1070	1.89E-04	21816.43427	21820.55036	0.000 s
1071	1.88E-04	21816.82472	21820.93704	0.000 s
1072	1.88E-04	21816.74218	21820.84722	0.000 s
1073	1.88E-04	21816.6598	21820.75757	0.000 s
1074	1.88E-04	21816.56999	21820.66811	0.000 s
1075	1.88E-04	21816.9486	21821.05325	0.000 s
1076	1.88E-04	21816.51653	21820.6095	0.000 s
1077	1.87E-04	21816.43466	21820.5204	0.000 s
1078	1.87E-04	21816.34675	21820.43147	0.000 s
1079	1.87E-04	21816.73137	21820.81539	0.000 s
1080	1.87E-04	21816.64952	21820.72634	0.000 s
1081	1.87E-04	21816.56784	21820.63746	0.000 s
1082	1.86E-04	21816.48178	21820.54876	0.008 s
1083	1.86E-04	21816.86322	21820.93116	0.000 s
1084	1.86E-04	21816.78155	21820.84233	0.000 s
1085	1.86E-04	21816.70005	21820.75368	0.000 s
1086	1.86E-04	21816.61495	21820.66521	0.002 s
1087	1.86E-04	21816.2777	21820.32835	0.000 s
1088	1.86E-04	21816.65742	21820.70918	0.000 s
1089	1.85E-04	21816.57632	21820.62095	0.000 s
1090	1.85E-04	21816.49537	21820.5329	0.000 s
1091	1.85E-04	21816.41186	21820.44503	0.000 s
1092	1.85E-04	21816.78844	21820.82436	0.000 s
1093	1.85E-04	21816.70752	21820.73636	0.000 s
1094	1.84E-04	21816.62675	21820.64853	0.000 s
1095	1.84E-04	21816.54505	21820.56088	0.000 s
1096	1.84E-04	21816.91852	21820.93873	0.000 s
1097	1.84E-04	21816.83777	21820.85095	0.000 s
1098	1.84E-04	21816.75466	21820.76334	0.000 s
1099	1.83E-04	21816.32592	21820.3292	0.000 s
1100	1.84E-04	21816.23433	21820.24223	0.000 s
1101	1.83E-04	21816.61689	21820.61861	0.000 s
1102	1.83E-04	21816.53679	21820.53152	0.000 s
1103	1.83E-04	21816.45683	21820.4446	0.000 s
1104	1.83E-04	21816.36707	21820.35785	0.000 s
1105	1.83E-04	21816.74652	21820.73278	0.008 s
1106	1.82E-04	21816.66659	21820.6459	0.000 s
1107	1.82E-04	21816.58681	21820.5592	0.000 s
1108	1.82E-04	21816.49886	21820.47266	0.000 s
1109	1.82E-04	21816.87522	21820.84613	0.000 s
1110	1.82E-04	21816.79361	21820.75948	0.000 s
1111	1.82E-04	21816.36884	21820.33003	0.000 s
1112	1.82E-04	21816.28272	21820.244	0.000 s
1113	1.82E-04	21816.65659	21820.61633	0.000 s
1114	1.81E-04	21816.57731	21820.53017	0.000 s
1115	1.81E-04	21816.49818	21820.44419	0.000 s
1116	1.81E-04	21816.41385	21820.35837	0.000 s
1117	1.81E-04	21816.78468	21820.72927	0.000 s
1118	1.80E-04	21816.70557	21820.64333	0.000 s
1119	1.80E-04	21816.62662	21820.55755	0.000 s
1120	1.80E-04	21816.54406	21820.47194	0.000 s
1121	1.80E-04	21816.91187	21820.84142	0.000 s
1122	1.80E-04	21816.83172	21820.75569	0.000 s
1123	1.80E-04	21816.41083	21820.33085	0.000 s
1124	1.79E-04	21816.33007	21820.24573	0.000 s
1125	1.80E-04	21816.69544	21820.61409	0.000 s
1126	1.79E-04	21816.61697	21820.52885	0.000 s
1127	1.79E-04	21816.53865	21820.44378	0.000 s
1128	1.79E-04	21816.45964	21820.35887	0.000 s
1129	1.79E-04	21816.82203	21820.72583	0.000 s
1130	1.79E-04	21816.74373	21820.64081	0.010 s
1131	1.78E-04	21816.66558	21820.55594	0.000 s
1132	1.78E-04	21816.58756	21820.47124	0.000 s
1133	1.78E-04	21816.4989	21820.3867	0.000 s
1134	1.78E-04	21816.86902	21820.75199	0.000 s
1135	1.78E-04	21816.45194	21820.33164	0.000 s
1136	1.78E-04	21816.37438	21820.24743	0.000 s
1137	1.78E-04	21816.28752	21820.16337	0.000 s
1138	1.77E-04	21816.6558	21820.52756	0.000 s
1139	1.77E-04	21816.57826	21820.44339	0.000 s
1140	1.77E-04	21816.50087	21820.35937	0.000 s
1141	1.77E-04	21816.41576	21820.27551	0.000 s
1142	1.77E-04	21816.78109	21820.63834	0.000 s
1143	1.77E-04	21816.70372	21820.55437	0.000 s
1144	1.76E-04	21816.62649	21820.47055	0.000 s
1145	1.76E-04	21816.54312	21820.38689	0.000 s
1146	1.76E-04	21816.90551	21820.74837	0.000 s
1147	1.76E-04	21816.82409	21820.66459	0.000 s
1148	1.76E-04	21816.4154	21820.24909	0.000 s
1149	1.76E-04	21816.33379	21820.1659	0.000 s
1150	1.76E-04	21816.69381	21820.5263	0.000 s
1151	1.75E-04	21816.61705	21820.443	0.000 s
1152	1.75E-04	21816.54043	21820.35986	0.000 s
1153	1.75E-04	21816.46054	21820.27687	0.000 s
1154	1.75E-04	21816.81767	21820.63593	0.000 s
1155	1.75E-04	21816.74107	21820.55282	0.000 s
1156	1.74E-04	21816.66461	21820.46988	0.000 s
1157	1.74E-04	21816.58642	21820.38709	0.000 s
1158	1.74E-04	21816.94067	21820.74482	0.000 s
1159	1.74E-04	21816.86067	21820.66191	0.000 s
1160	1.74E-04	21816.45558	21820.25071	0.000 s
1161	1.74E-04	21816.3791	21820.16838	0.000 s
1162	1.74E-04	21816.73104	21820.52506	0.000 s
1163	1.74E-04	21816.65504	21820.44262	0.000 s
1164	1.73E-04	21816.57918	21820.36033	0.016 s
1165	1.73E-04	21816.50345	21820.2782	0.000 s
1166	1.73E-04	21816.41759	21820.19621	0.000 s
1167	1.73E-04	21816.77765	21820.55132	0.000 s
1168	1.73E-04	21816.70194	21820.46922	0.000 s
1169	1.72E-04	21816.62637	21820.38728	0.000 s
1170	1.72E-04	21816.54222	21820.30548	0.000 s
1171	1.72E-04	21816.89649	21820.65929	0.000 s
1172	1.72E-04	21816.49493	21820.25231	0.000 s
1173	1.72E-04	21816.41978	21820.17082	0.000 s
1174	1.72E-04	21816.33735	21820.08948	0.000 s
1175	1.72E-04	21816.69225	21820.44225	0.000 s
1176	1.72E-04	21816.61713	21820.3608	0.000 s
1177	1.71E-04	21816.54214	21820.2795	0.000 s
1178	1.71E-04	21816.46139	21820.19835	0.000 s
1179	1.71E-04	21816.81348	21820.54984	0.000 s
1180	1.71E-04	21816.73852	21820.46858	0.000 s
1181	1.71E-04	21816.66368	21820.38746	0.000 s
1182	1.71E-04	21816.58461	21820.3065	0.000 s
1183	1.71E-04	21816.93159	21820.65672	0.000 s
1184	1.71E-04	21816.53348	21820.25387	0.000 s
1185	1.70E-04	21816.45906	21820.1732	0.000 s
1186	1.70E-04	21816.38167	21820.09268	0.000 s
1187	1.70E-04	21816.72871	21820.44189	0.000 s
1188	1.70E-04	21816.65432	21820.36126	0.000 s
1189	1.70E-04	21816.58005	21820.28077	0.000 s
1190	1.69E-04	21816.50431	21820.20044	0.000 s
1191	1.70E-04	21816.8486	21820.54839	0.000 s
1192	1.69E-04	21816.77435	21820.46795	0.000 s
1193	1.69E-04	21816.70024	21820.38765	0.000 s
1194	1.69E-04	21816.62614	21820.30749	0.000 s
1195	1.69E-04	21816.96599	21820.6542	0.000 s
1196	1.69E-04	21816.57126	21820.2554	0.000 s
1197	1.69E-04	21816.49755	21820.17553	0.000 s
1198	1.68E-04	21816.42398	21820.09582	0.000 s
1199	1.68E-04	21816.34076	21820.01624	0.000 s
1200	1.68E-04	21816.69076	21820.36171	0.016 s
1201	1.68E-04	21816.6172	21820.28203	0.000 s
1202	1.68E-04	21816.54378	21820.20249	0.000 s
1203	1.68E-04	21816.46221	21820.12309	0.000 s
1204	1.68E-04	21816.80948	21820.46733	0.000 s
1205	1.67E-04	21816.73607	21820.38783	0.000 s
1206	1.67E-04	21816.66279	21820.30847	0.000 s
1207	1.67E-04	21816.58287	21820.22925	0.000 s
1208	1.67E-04	21816.92228	21820.57227	0.000 s
1209	1.67E-04	21816.53528	21820.17782	0.000 s
1210	1.67E-04	21816.4624	21820.09889	0.000 s
1211	1.67E-04	21816.38413	21820.0201	0.000 s
1212	1.67E-04	21816.72648	21820.36215	0.000 s
1213	1.66E-04	21816.65362	21820.28325	0.000 s
1214	1.66E-04	21816.58089	21820.2045	0.000 s
1215	1.66E-04	21816.50424	21820.12588	0.000 s
1216	1.66E-04	21816.84391	21820.46672	0.000 s
1217	1.66E-04	21816.7712	21820.38801	0.000 s
1218	1.66E-04	21816.69861	21820.30943	0.000 s
1219	1.65E-04	21816.62357	21820.23099	0.000 s
1220	1.66E-04	21816.95606	21820.57063	0.000 s
1221	1.65E-04	21816.57227	21820.18007	0.000 s
1222	1.65E-04	21816.50007	21820.10191	0.000 s
1223	1.65E-04	21816.42665	21820.02389	0.000 s
1224	1.65E-04	21816.7615	21820.36258	0.000 s
1225	1.65E-04	21816.68933	21820.28446	0.000 s
1226	1.65E-04	21816.61728	21820.20647	0.000 s
1227	1.64E-04	21816.54535	21820.12862	0.000 s
1228	1.64E-04	21816.463	21820.05091	0.000 s
1229	1.64E-04	21816.80564	21820.38818	0.000 s
1230	1.64E-04	21816.73373	21820.31037	0.015 s
1231	1.64E-04	21816.66194	21820.23269	0.000 s
1232	1.64E-04	21816.58121	21820.15515	0.000 s
1233	1.64E-04	21816.91335	21820.49125	0.000 s
1234	1.64E-04	21816.53701	21820.10487	0.000 s
1235	1.63E-04	21816.46561	21820.0276	0.000 s
1236	1.63E-04	21816.38649	21819.95047	0.000 s
1237	1.63E-04	21816.72434	21820.28564	0.000 s
1238	1.63E-04	21816.65296	21820.2084	0.000 s
1239	1.63E-04	21816.5817	21820.1313	0.000 s
1240	1.63E-04	21816.50417	21820.05434	0.000 s
1241	1.63E-04	21816.83941	21820.38835	0.000 s
1242	1.62E-04	21816.76817	21820.31129	0.000 s
1243	1.62E-04	21816.69704	21820.23436	0.000 s
1244	1.62E-04	21816.62111	21820.15756	0.000 s
1245	1.62E-04	21816.94654	21820.49042	0.000 s
1246	1.62E-04	21816.57324	21820.10777	0.000 s
1247	1.62E-04	21816.50249	21820.03124	0.000 s
1248	1.62E-04	21816.42814	21819.95484	0.000 s
1249	1.62E-04	21816.75868	21820.28679	0.000 s
1250	1.61E-04	21816.68795	21820.2103	0.000 s
1251	1.61E-04	21816.61735	21820.13394	0.000 s
1252	1.61E-04	21816.54456	21820.05771	0.000 s
1253	1.61E-04	21816.87254	21820.38852	0.000 s
1254	1.61E-04	21816.80195	21820.31219	0.000 s
1255	1.61E-04	21816.73148	21820.236	0.000 s
1256	1.60E-04	21816.65845	21820.15993	0.000 s
1257	1.60E-04	21816.36785	21819.8691	0.000 s
1258	1.61E-04	21816.69453	21820.19874	0.016 s
1259	1.60E-04	21816.62436	21820.12286	0.000 s
1260	1.60E-04	21816.55431	21820.0471	0.000 s
1261	1.60E-04	21816.48362	21819.97148	0.000 s
1262	1.60E-04	21816.80777	21820.3	0.000 s
1263	1.60E-04	21816.73774	21820.22428	0.000 s
1264	1.60E-04	21816.66782	21820.1487	0.000 s
1265	1.59E-04	21816.59801	21820.07324	0.000 s
1266	1.59E-04	21816.51866	21819.99791	0.000 s
1267	1.59E-04	21816.85041	21820.32509	0.000 s
1268	1.59E-04	21816.77866	21820.24966	0.000 s
1269	1.59E-04	21816.40716	21819.87417	0.000 s
1270	1.59E-04	21816.32937	21819.79923	0.000 s
1271	1.59E-04	21816.65905	21820.12553	0.000 s
1272	1.59E-04	21816.58963	21820.05049	0.000 s
1273	1.58E-04	21816.52032	21819.97558	0.000 s
1274	1.58E-04	21816.44408	21819.90079	0.000 s
1275	1.58E-04	21816.77125	21820.22599	0.000 s
1276	1.58E-04	21816.70196	21820.15111	0.000 s
1277	1.58E-04	21816.63278	21820.07636	0.000 s
1278	1.58E-04	21816.55809	21820.00173	0.000 s
1279	1.58E-04	21816.88276	21820.32585	0.016 s
1280	1.58E-04	21816.8122	21820.25113	0.000 s
1281	1.57E-04	21816.44361	21819.87916	0.000 s
1282	1.57E-04	21816.37044	21819.80491	0.000 s
1283	1.57E-04	21816.69309	21820.12816	0.000 s
1284	1.57E-04	21816.62429	21820.05381	0.000 s
1285	1.57E-04	21816.5556	21819.97959	0.000 s
1286	1.57E-04	21816.48396	21819.9055	0.000 s
1287	1.57E-04	21816.80414	21820.22767	0.000 s
1288	1.57E-04	21816.73547	21820.15349	0.000 s
1289	1.56E-04	21816.66691	21820.07943	0.000 s
1290	1.56E-04	21816.59678	21820.00549	0.000 s
1291	1.56E-04	21816.9145	21820.32659	0.000 s
1292	1.56E-04	21816.84512	21820.25256	0.000 s
1293	1.56E-04	21816.47939	21819.88405	0.000 s
1294	1.56E-04	21816.41076	21819.81048	0.000 s
1295	1.56E-04	21816.7265	21820.13073	0.000 s
1296	1.56E-04	21816.65831	21820.05707	0.000 s
1297	1.56E-04	21816.59023	21819.98354	0.000 s
1298	1.55E-04	21816.52226	21819.91013	0.000 s
1299	1.55E-04	21816.44518	21819.83683	0.000 s
1300	1.55E-04	21816.76835	21820.15582	0.000 s
1301	1.55E-04	21816.7004	21820.08243	0.000 s
1302	1.55E-04	21816.63255	21820.00917	0.000 s
1303	1.55E-04	21816.55699	21819.93603	0.000 s
1304	1.55E-04	21816.87744	21820.25397	0.000 s
1305	1.55E-04	21816.5145	21819.88885	0.000 s
1306	1.54E-04	21816.447	21819.81595	0.000 s
1307	1.54E-04	21816.37294	21819.74317	0.000 s
1308	1.54E-04	21816.6917	21820.06028	0.000 s
1309	1.54E-04	21816.62422	21819.98741	0.000 s
1310	1.54E-04	21816.55685	21819.91467	0.000 s
1311	1.54E-04	21816.48428	21819.84204	0.000 s
1312	1.54E-04	21816.80064	21820.15811	0.015 s
1313	1.54E-04	21816.73328	21820.08539	0.000 s
1314	1.53E-04	21816.66603	21820.01279	0.000 s
1315	1.53E-04	21816.59495	21819.94032	0.000 s
1316	1.53E-04	21816.90892	21820.25535	0.000 s
1317	1.53E-04	21816.83823	21820.18279	0.000 s
1318	1.53E-04	21816.48207	21819.82132	0.000 s
1319	1.53E-04	21816.41246	21819.7492	0.000 s
1320	1.53E-04	21816.72449	21820.06342	0.000 s
1321	1.53E-04	21816.6576	21819.99121	0.000 s
1322	1.53E-04	21816.59081	21819.91912	0.000 s
1323	1.52E-04	21816.52268	21819.84715	0.000 s
1324	1.53E-04	21816.83234	21820.16035	0.000 s
1325	1.52E-04	21816.76557	21820.08829	0.000 s
1326	1.52E-04	21816.6989	21820.01635	0.000 s
1327	1.52E-04	21816.63223	21819.94452	0.000 s
1328	1.52E-04	21816.93955	21820.25671	0.000 s
1329	1.52E-04	21816.86999	21820.1848	0.000 s
1330	1.52E-04	21816.5165	21819.8266	0.000 s
1331	1.51E-04	21816.45027	21819.75512	0.000 s
1332	1.52E-04	21816.37534	21819.68376	0.000 s
1333	1.51E-04	21816.69037	21819.99495	0.000 s
1334	1.51E-04	21816.62416	21819.9235	0.000 s
1335	1.51E-04	21816.55804	21819.85217	0.000 s
1336	1.51E-04	21816.48459	21819.78096	0.000 s
1337	1.51E-04	21816.79727	21820.09114	0.000 s
1338	1.51E-04	21816.73118	21820.01984	0.000 s
1339	1.51E-04	21816.66519	21819.94865	0.000 s
1340	1.51E-04	21816.5932	21819.87758	0.000 s
1341	1.51E-04	21816.90119	21820.18678	0.000 s
1342	1.50E-04	21816.55031	21819.83178	0.000 s
1343	1.50E-04	21816.48465	21819.76094	0.000 s
1344	1.50E-04	21816.41411	21819.69021	0.000 s
1345	1.50E-04	21816.72256	21819.99862	0.016 s
1346	1.50E-04	21816.65691	21819.9278	0.000 s
1347	1.50E-04	21816.59136	21819.8571	0.000 s
1348	1.50E-04	21816.52227	21819.78651	0.000 s
1349	1.50E-04	21816.82842	21820.09394	0.000 s
1350	1.49E-04	21816.76288	21820.02327	0.000 s
1351	1.49E-04	21816.69745	21819.95271	0.000 s
1352	1.49E-04	21816.6298	21819.88227	0.000 s
1353	1.49E-04	21816.93184	21820.18872	0.000 s
1354	1.49E-04	21816.58353	21819.83687	0.000 s
1355	1.49E-04	21816.51842	21819.76665	0.000 s
1356	1.49E-04	21816.45219	21819.69654	0.000 s
1357	1.49E-04	21816.75418	21820.00222	0.000 s
1358	1.49E-04	21816.68909	21819.93203	0.000 s
1359	1.48E-04	21816.62409	21819.86195	0.000 s
1360	1.48E-04	21816.5592	21819.79198	0.000 s
1361	1.48E-04	21816.48489	21819.72212	0.000 s
1362	1.48E-04	21816.79403	21820.02664	0.000 s
1363	1.48E-04	21816.72915	21819.9567	0.000 s
1364	1.48E-04	21816.66437	21819.88687	0.000 s
1365	1.48E-04	21816.59151	21819.81715	0.000 s
1366	1.48E-04	21816.89352	21820.12071	0.000 s
1367	1.48E-04	21816.5516	21819.77226	0.000 s
1368	1.47E-04	21816.48714	21819.70276	0.000 s
1369	1.47E-04	21816.41569	21819.63337	0.000 s
1370	1.47E-04	21816.7207	21819.93618	0.000 s
1371	1.47E-04	21816.65625	21819.86671	0.000 s
1372	1.47E-04	21816.5919	21819.79734	0.000 s
1373	1.47E-04	21816.52188	21819.72809	0.000 s
1374	1.47E-04	21816.82463	21820.02995	0.000 s
1375	1.47E-04	21816.7603	21819.96062	0.000 s
1376	1.46E-04	21816.69606	21819.89139	0.000 s
1377	1.46E-04	21816.62746	21819.82227	0.000 s
1378	1.47E-04	21816.92367	21820.1232	0.000 s
1379	1.46E-04	21816.5842	21819.77778	0.000 s
1380	1.46E-04	21816.52028	21819.70887	0.000 s
1381	1.46E-04	21816.45307	21819.64008	0.000 s
1382	1.46E-04	21816.75176	21819.94026	0.000 s
1383	1.46E-04	21816.68785	21819.87138	0.000 s
1384	1.46E-04	21816.62403	21819.80262	0.000 s
1385	1.46E-04	21816.55823	21819.73396	0.000 s
1386	1.46E-04	21816.85471	21820.03321	0.000 s
1387	1.45E-04	21816.79091	21819.96447	0.000 s
1388	1.45E-04	21816.7272	21819.89584	0.000 s
1389	1.45E-04	21816.66279	21819.82731	0.000 s
1390	1.45E-04	21816.9533	21820.12563	0.000 s
1391	1.45E-04	21816.61624	21819.7832	0.000 s
1392	1.45E-04	21816.55284	21819.71488	0.000 s
1393	1.45E-04	21816.48954	21819.64668	0.000 s
1394	1.45E-04	21816.41722	21819.57858	0.000 s
1395	1.45E-04	21816.71891	21819.87598	0.000 s
1396	1.44E-04	21816.65562	21819.8078	0.000 s
1397	1.44E-04	21816.59242	21819.73973	0.000 s
1398	1.44E-04	21816.52151	21819.67176	0.000 s
1399	1.44E-04	21816.82099	21819.96825	0.000 s
1400	1.44E-04	21816.75781	21819.9002	0.000 s
1401	1.44E-04	21816.69472	21819.83226	0.000 s
1402	1.44E-04	21816.62521	21819.76442	0.000 s
1403	1.44E-04	21816.9158	21820.06001	0.000 s
1404	1.44E-04	21816.58485	21819.72079	0.015 s
1405	1.44E-04	21816.52207	21819.65316	0.000 s
1406	1.44E-04	21816.45392	21819.58563	0.000 s
1407	1.44E-04	21816.74943	21819.8805	0.000 s
1408	1.43E-04	21816.68666	21819.8129	0.000 s
1409	1.43E-04	21816.62398	21819.7454	0.000 s
1410	1.43E-04	21816.55721	21819.678	0.000 s
1411	1.43E-04	21816.85056	21819.97197	0.000 s
1412	1.43E-04	21816.78789	21819.9045	0.000 s
1413	1.43E-04	21816.72532	21819.83713	0.000 s
1414	1.43E-04	21816.6597	21819.76986	0.000 s
1415	1.43E-04	21816.40021	21819.51182	0.000 s
1416	1.43E-04	21816.69251	21819.80486	0.000 s
1417	1.42E-04	21816.63017	21819.73774	0.000 s
1418	1.42E-04	21816.56792	21819.67072	0.000 s
1419	1.42E-04	21816.50299	21819.6038	0.000 s
1420	1.42E-04	21816.79315	21819.89596	0.007 s
1421	1.42E-04	21816.73092	21819.82896	0.000 s
1422	1.42E-04	21816.66878	21819.76207	0.000 s
1423	1.42E-04	21816.6052	21819.69527	0.000 s
1424	1.42E-04	21816.89323	21819.98655	0.000 s
1425	1.42E-04	21816.8311	21819.91968	0.000 s
1426	1.41E-04	21816.76703	21819.85291	0.000 s
1427	1.41E-04	21816.43651	21819.51934	0.000 s
1428	1.42E-04	21816.72281	21819.80992	0.000 s
1429	1.41E-04	21816.66097	21819.74335	0.000 s
1430	1.41E-04	21816.59923	21819.67689	0.000 s
1431	1.41E-04	21816.53757	21819.61052	0.000 s
1432	1.41E-04	21816.46764	21819.54426	0.000 s
1433	1.41E-04	21816.76079	21819.83379	0.000 s
1434	1.41E-04	21816.69914	21819.76745	0.000 s
1435	1.40E-04	21816.63759	21819.70121	0.000 s
1436	1.41E-04	21816.56902	21819.63507	0.000 s
1437	1.40E-04	21816.86005	21819.92374	0.000 s
1438	1.40E-04	21816.79699	21819.85752	0.000 s
1439	1.40E-04	21816.46919	21819.52673	0.000 s
1440	1.40E-04	21816.40195	21819.46088	0.000 s
1441	1.40E-04	21816.69126	21819.74887	0.000 s
1442	1.40E-04	21816.63001	21819.68295	0.000 s
1443	1.40E-04	21816.56884	21819.61713	0.000 s
1444	1.40E-04	21816.50295	21819.55141	0.000 s
1445	1.40E-04	21816.79016	21819.83854	0.000 s
1446	1.40E-04	21816.72901	21819.77275	0.000 s
1447	1.39E-04	21816.66795	21819.70705	0.000 s
1448	1.39E-04	21816.6034	21819.64145	0.000 s
1449	1.39E-04	21816.88852	21819.92773	0.000 s
1450	1.39E-04	21816.82644	21819.86206	0.000 s
1451	1.39E-04	21816.50085	21819.534	0.000 s
1452	1.39E-04	21816.43762	21819.46869	0.000 s
1453	1.39E-04	21816.72105	21819.7543	0.000 s
1454	1.39E-04	21816.66028	21819.68892	0.000 s
1455	1.39E-04	21816.5996	21819.62364	0.000 s
1456	1.38E-04	21816.53768	21819.55845	0.000 s
1457	1.39E-04	21816.81905	21819.84321	0.000 s
1458	1.38E-04	21816.75838	21819.77796	0.000 s
1459	1.38E-04	21816.6978	21819.71279	0.000 s
1460	1.38E-04	21816.63721	21819.64773	0.000 s
1461	1.38E-04	21816.91653	21819.93166	0.000 s
1462	1.38E-04	21816.85541	21819.86652	0.000 s
1463	1.38E-04	21816.532	21819.54115	0.000 s
1464	1.38E-04	21816.47178	21819.47637	0.000 s
1465	1.38E-04	21816.40364	21819.41169	0.000 s
1466	1.38E-04	21816.69005	21819.69479	0.000 s
1467	1.38E-04	21816.62985	21819.63003	0.000 s
1468	1.37E-04	21816.56973	21819.56537	0.000 s
1469	1.37E-04	21816.50292	21819.50081	0.000 s
1470	1.37E-04	21816.78728	21819.78308	0.000 s
1471	1.37E-04	21816.72717	21819.71845	0.010 s
1472	1.37E-04	21816.66715	21819.65391	0.000 s
1473	1.37E-04	21816.60166	21819.58946	0.000 s
1474	1.37E-04	21816.88391	21819.87091	0.000 s
1475	1.37E-04	21816.56264	21819.54818	0.000 s
1476	1.37E-04	21816.50289	21819.48393	0.000 s
1477	1.37E-04	21816.43869	21819.41977	0.000 s
1478	1.37E-04	21816.71935	21819.70056	0.000 s
1479	1.36E-04	21816.65961	21819.63633	0.000 s
1480	1.36E-04	21816.59995	21819.57219	0.000 s
1481	1.36E-04	21816.53706	21819.50814	0.000 s
1482	1.36E-04	21816.8157	21819.78812	0.000 s
1483	1.36E-04	21816.75606	21819.72401	0.000 s
1484	1.36E-04	21816.69651	21819.65998	0.000 s
1485	1.36E-04	21816.63492	21819.59605	0.000 s
1486	1.36E-04	21816.91155	21819.87522	0.000 s
1487	1.36E-04	21816.84913	21819.81123	0.000 s
1488	1.36E-04	21816.53349	21819.49136	0.000 s
1489	1.35E-04	21816.47317	21819.42771	0.000 s
1490	1.36E-04	21816.74817	21819.70624	0.000 s
1491	1.35E-04	21816.68889	21819.64252	0.000 s
1492	1.35E-04	21816.6297	21819.57889	0.000 s
1493	1.35E-04	21816.57058	21819.51535	0.000 s
1494	1.35E-04	21816.50288	21819.45191	0.000 s
1495	1.35E-04	21816.78449	21819.72948	0.000 s
1496	1.35E-04	21816.72539	21819.66596	0.000 s
1497	1.35E-04	21816.66637	21819.60254	0.000 s
1498	1.35E-04	21816.59998	21819.53921	0.000 s
1499	1.35E-04	21816.8772	21819.81598	0.000 s
1500	1.35E-04	21816.56361	21819.49868	0.000 s
