Link	LinkState	VOT	VOTFlow	TotalCostForThisVOT
609	60901	10.0	0.104789333333333251.000067448796548
609	60901	20.0	110.230015999999681.1001348975930958
609	60901	25.0	74.131029333333291.1501686219913698
609	60901	15.0	0.356010666666667141.0501011731948218
609	60901	30.0	74.131029333333291.2002023463896436
609	60902	10.0	0.4191573333333331.7563431736059032
609	60902	20.0	440.92006399999871.9126863472118063
609	60902	25.0	296.381439999999941.9908579340147576
609	60902	15.0	1.42404266666666861.8345147604088547
609	60902	30.0	296.524117333333152.0690295208177094
708	70801	10.0	719.52844799999830.4181316391906579
708	70801	20.0	223.964928000000270.8362632783813158
708	70801	25.0	26.5387775999999751.0453290979766447
708	70801	15.0	1438.39795199999660.6271974587859868
708	70801	30.0	26.4103679999999881.2543949175719735
708	70802	10.0	79.947605333333130.2001607064346246
708	70802	20.0	24.8849919999999860.4003214128692492
708	70802	25.0	2.9487530666666630.5004017660865615
708	70802	15.0	159.821994666666280.30024105965193687
708	70802	30.0	2.9344853333333310.6004821193038737
102	10201	10.0	719.99999999999930.8731413333333301
102	10201	20.0	719.99999999999931.7462826666666602
102	10201	25.0	359.999999999999662.182853333333325
102	10201	15.0	1439.99999999999861.309711999999995
102	10201	30.0	359.999999999999662.61942399999999
102	10202	10.0	79.999999999999910.06692266666666667
102	10202	20.0	79.999999999999910.13384533333333334
102	10202	25.0	39.999999999999960.16730666666666666
102	10202	15.0	159.999999999999830.100384
102	10202	30.0	39.999999999999960.200768
809	80901	10.0	0.0033791999999999991.2333340614788364
809	80901	20.0	89.009971200000011.2666681229576728
809	80901	25.0	10.3403519999999741.283335153697091
809	80901	15.0	0.127180800000000231.2500010922182545
809	80901	30.0	10.372147199999981.3000021844365093
809	80902	10.0	0.0050687999999999941.3666695512166491
809	80902	20.0	99.105638399999991.4333391024332984
809	80902	25.0	15.510527999999991.4666738780416229
809	80902	15.0	0.190771200000000561.4000043268249738
809	80902	30.0	15.510527999999991.5000086536499475
203	20301	10.0	0.298666666666666360.5335355506625944
203	20301	20.0	223.626666666666320.5670711013251888
203	20301	25.0	111.88799999999970.5838388766564859
203	20301	15.0	0.74666666666666610.5503033259938915
203	20301	30.0	111.88799999999970.6006066519877831
203	20302	10.0	0.01.5666666666666667
203	20302	20.0	0.01.6333333333333333
203	20302	25.0	0.01.6666666666666667
203	20302	15.0	0.01.6
203	20302	30.0	0.01.7
811	81101	10.0	719.5199999999990.8959757909413927
811	81101	20.0	35.849318399999951.7919515818827854
811	81101	25.0	0.6878975999999992.2399394773534813
811	81101	15.0	1438.07999999999881.343963686412089
811	81101	30.0	0.52769279999999862.687927372824178
811	81102	10.0	79.947605333333130.3002410596519369
811	81102	20.0	24.8849919999999860.6004821193038739
811	81102	25.0	2.9487530666666630.7506026491298422
811	81102	15.0	159.821994666666280.4503615894779054
811	81102	30.0	2.9344853333333310.9007231789558108
204	20401	10.0	159.925333333332870.10614170656110637
204	20401	20.0	159.999999999999830.21228341312221274
204	20401	25.0	79.999999999999910.26535426640276594
204	20401	15.0	319.999999999999660.15921255984165955
204	20401	30.0	79.999999999999910.3184251196833191
204	20402	10.0	159.925333333332870.14151005230088345
204	20402	20.0	159.925333333332870.2830201046017669
204	20402	25.0	79.962666666666440.35377513075220857
204	20402	15.0	319.850666666665750.21226507845132514
204	20402	30.0	79.962666666666440.4245301569026503
204	20403	10.0	319.850666666665750.2528361508044796
204	20403	20.0	96.447999999999740.5056723016089592
204	20403	25.0	48.14933333333330.6320903770111989
204	20403	15.0	639.40266666666550.37925422620671934
204	20403	30.0	48.14933333333330.7585084524134387
204	20404	10.0	159.999999999999830.07076266666666665
204	20404	20.0	159.999999999999830.1415253333333333
204	20404	25.0	79.999999999999910.1769066666666666
204	20404	15.0	319.999999999999660.10614399999999997
204	20404	30.0	79.999999999999910.21228799999999995
910	91001	10.0	0.26619733333333330.10520205977382883
910	91001	20.0	369.632844799999650.21040411954765767
910	91001	25.0	198.181674666666450.2630051494345721
910	91001	15.0	1.04900266666666590.15780308966074325
910	91001	30.0	198.268910933332880.3156061793214865
910	91002	10.0	0.159718399999999730.13423224926225094
910	91002	20.0	221.779706879999620.2684644985245019
910	91002	25.0	118.909004799999980.33558062315562737
910	91002	15.0	0.62940160.20134837389337643
910	91002	30.0	118.961346559999980.40269674778675285
910	91003	10.0	0.10647893333333330.1668886212170167
910	91003	20.0	147.853137919999850.3337772424340334
910	91003	25.0	79.272669866666490.41722155304254166
910	91003	15.0	0.41960106666666750.250332931825525
910	91003	30.0	79.307564373333220.50066586365105
305	30501	10.0	0.13439999999999990.15003731478461108
305	30501	20.0	100.631999999999790.30007462956922215
305	30501	25.0	50.349599999999950.3750932869615276
305	30501	15.0	0.33600000000000030.22505597217691659
305	30501	30.0	50.349599999999950.45011194435383317
305	30502	10.0	0.164266666666667250.20011102489691415
305	30502	20.0	122.994666666666280.4002220497938283
305	30502	25.0	61.53839999999990.5002775622422854
305	30502	15.0	0.410666666666666850.3001665373453712
305	30502	30.0	61.53839999999990.6003330746907424
1011	101101	10.0	0.479155200000000950.0515363808939153
1011	101101	20.0	665.33912064000030.1030727617878306
1011	101101	25.0	356.727014399999630.12884095223478825
1011	101101	15.0	1.88820479999999650.07730457134087294
1011	101101	30.0	356.884039679999940.1546091426817459
1011	101102	10.0	0.053239466666666650.06667221553042543
1011	101102	20.0	73.926568959999930.13334443106085087
1011	101102	25.0	39.6363349333332450.16668053882606354
1011	101102	15.0	0.209800533333333760.10000832329563814
1011	101102	30.0	39.653782186666610.20001664659127627
405	40501	10.0	0.21119999999999990.5358967433276717
405	40501	20.0	327.492479999999550.5717934866553435
405	40501	25.0	258.75167999999960.5897418583191792
405	40501	15.0	0.97152000000000040.5538451149915076
405	40501	30.0	258.75167999999960.6076902299830151
405	40502	10.0	0.0140800000000000211.5666666666666667
405	40502	20.0	0.03093333333333331.6333333333333333
405	40502	25.0	0.015466666666666651.6666666666666667
405	40502	15.0	0.06186666666666661.6
405	40502	30.0	0.015466666666666651.7
407	40701	10.0	319.796053333333130.19607257416080726
407	40701	20.0	213.422080.3921451483216145
407	40701	25.0	11.779413333333320.4901814354020181
407	40701	15.0	639.45386666666560.29410886124121083
407	40701	30.0	11.779413333333320.5882177224824217
407	40702	10.0	479.679999999999670.3555549156286449
407	40702	20.0	35.4278399999999750.7111098312572898
407	40702	25.0	17.5654399999999350.8888872890716122
407	40702	15.0	958.76607999999920.5333323734429674
407	40702	30.0	17.5654399999999351.0666647468859347
1112	111201	10.0	719.99999999999930.8731413333333301
1112	111201	20.0	719.99999999999931.7462826666666602
1112	111201	25.0	359.999999999999662.182853333333325
1112	111201	15.0	1439.99999999999861.309711999999995
1112	111201	30.0	359.999999999999662.61942399999999
1112	111202	10.0	79.999999999999910.06692266666666667
1112	111202	20.0	79.999999999999910.13384533333333334
1112	111202	25.0	39.999999999999960.16730666666666666
1112	111202	15.0	159.999999999999830.100384
1112	111202	30.0	39.999999999999960.200768
506	50601	10.0	0.31436800000000070.05273167626018863
506	50601	20.0	330.69004799999940.10546335252037727
506	50601	25.0	222.393088000000120.13182919065047158
506	50601	15.0	1.06803199999999880.07909751439028295
506	50601	30.0	222.393088000000120.1581950287805659
506	50602	10.0	0.20957866666666650.06738612049651059
506	50602	20.0	220.460031999999360.13477224099302118
506	50602	25.0	148.262058666666520.16846530124127646
506	50602	15.0	0.71202133333333430.10107918074476586
506	50602	30.0	148.262058666666520.20215836148953173
607	60701	10.0	0.00.03333333333333333
607	60701	20.0	0.00.06666666666666667
607	60701	25.0	0.128409600000000260.08333333333333333
607	60701	15.0	0.00.05
607	60701	30.0	0.00.1
607	60702	10.0	0.00.06666666666666667
607	60702	20.0	0.00.13333333333333333
607	60702	25.0	0.0142677333333333670.16666666666666666
607	60702	15.0	0.00.1
607	60702	30.0	0.00.2
