Iter. #	RelGap	SPTT	TSTT	SORobjective	Runtime
1	2.1899807007625897E303	82087.1679022709	1.7976931348623157E308	0.0	0.016 s
2	0.5962142370559564	90835.6383309225	144993.13913588427	135079.4592771757	0.016 s
3	0.062491922206130646	89655.27002529484	95258.00018508521	85665.4725826982	0.000 s
4	0.05694599179836768	92347.01821230075	97605.81075402214	87089.16154089411	0.000 s
5	0.04184707524585929	90679.14418208186	94473.80115189956	84514.21140968395	0.015 s
6	0.01853655893183226	93594.09704185577	95329.00953734375	84923.01616817634	0.000 s
7	0.014504314034222254	92695.93408580661	94040.42502348272	83987.36199426348	0.000 s
8	0.010201660406931934	93319.69594768593	94271.71179502236	84209.93745717149	0.016 s
9	0.008661101959574369	93101.38802219447	93907.74863643259	84067.64467462829	0.000 s
10	0.010264803818992974	92698.19255258878	93649.72131351635	83933.75217761027	0.000 s
11	0.007009680035695354	93666.70410574715	94323.27773152658	84427.78181770278	0.015 s
12	0.006061659712749856	93426.69488273058	93993.0157151966	84204.12029092775	0.000 s
13	0.005355336798110288	93251.25368389647	93750.64555421977	84050.58387124664	0.000 s
14	0.005312032835654401	93504.59973900119	94001.29924309948	84255.62117661674	0.000 s
15	0.00464457172635413	93344.54951057414	93778.09496604021	84104.9623100557	0.000 s
16	0.004624264943458689	93172.84240297611	93603.69831178259	83993.43834489651	0.016 s
17	0.004223920461661201	93418.48379850233	93813.0760437162	84160.14015797312	0.000 s
18	0.003714685491660319	93299.93760509224	93646.5175296867	84047.86950078105	0.000 s
19	0.004133195235149101	93126.05785940541	93510.96603801812	83960.57388185679	0.015 s
20	0.003464311718287094	93366.42416960311	93689.87456694842	84100.39385750095	0.000 s
21	0.003146300405534541	93264.40208988442	93557.83991600176	84011.33112605127	0.000 s
22	0.0032967916332211633	93423.11743296469	93731.11398486713	84149.05443879055	0.000 s
23	0.002903816344905552	93332.05339404053	93603.07253618975	84059.74104586637	0.000 s
24	0.002965236848428754	93217.66721544162	93494.07967719341	83986.10858560115	0.016 s
25	0.002812376750995771	93383.3905549316	93646.01983145745	84105.33609082332	0.000 s
26	0.002481342371365436	93307.50869817218	93539.0365730715	84030.77848928246	0.000 s
27	0.002916119017398522	93174.58590444547	93446.29408633967	83967.96737809978	0.000 s
28	0.0027175396781877748	93488.78878986248	93742.84828286464	84189.22860400092	0.000 s
29	0.0023963620643840944	93413.09868105211	93636.95028704796	84112.74408530413	0.000 s
30	0.0021125056437609757	93346.52713946774	93543.72220487535	84046.90096458794	0.000 s
31	0.0024595569333121237	93232.03803661234	93461.34754217211	83990.08559924409	0.000 s
32	0.0020967245613852104	93384.2338302373	93580.03484695528	84082.2628161024	0.000 s
33	0.00198082425415147	93313.8413765277	93498.67969677436	84024.89921940102	0.015 s
34	0.0020874842451188425	93418.7482280662	93613.758393191	84115.1508191139	0.000 s
35	0.0018427046406490621	93361.68059800914	93533.71860010589	84057.71588645728	0.000 s
36	0.0019555481934505625	93279.31548160444	93461.72767848079	84007.03811895053	0.000 s
37	0.0018473287627236434	93394.19052369875	93566.72029812446	84088.7422633423	0.000 s
38	0.0016295298277564374	93343.49371171893	93495.59971894916	84037.83616295819	0.000 s
39	0.0019362354691006	93250.54865461722	93431.10367443538	83992.49067729921	0.000 s
40	0.0016487476596822592	93373.86752297095	93527.81746852493	84067.29519776159	0.000 s
41	0.0015897407945841824	93315.49960419521	93463.847060683	84021.58678870102	0.016 s
42	0.0016678427822169883	93402.2042299911	93557.98442215925	84094.97257952811	0.000 s
43	0.0014736374481567616	93357.14713913659	93494.72172721391	84049.16153989523	0.000 s
44	0.001601352666034117	93287.30368268544	93436.68955514484	84007.76931824039	0.000 s
45	0.0017140316496353503	93463.7602454004	93623.96008855493	84147.71447260094	0.000 s
46	0.001521204000546117	93418.71629797042	93560.82522292876	84101.16190245129	0.016 s
47	0.0013435028843811203	93377.11282895276	93502.56524937363	84058.76325500428	0.015 s
48	0.0014832536220321657	93310.3248548961	93448.72773221011	84020.11211390163	0.000 s
49	0.0013722226234231805	93400.69424890484	93528.8607945966	84082.2356127404	0.000 s
50	0.0012298830606956024	93360.67416220796	93475.49687389519	84043.49583208692	0.000 s
51	0.001402554824783353	93422.85763552718	93553.88831524894	84104.66580090491	0.016 s
52	0.0012421178339314665	93385.06325181722	93501.05850430513	84065.93756240884	0.000 s
53	0.001249328554920437	93335.42385378641	93452.03046399256	84030.468726373	0.000 s
54	0.0012785611755223858	93406.21711652502	93525.64267928262	84087.637301456	0.000 s
55	0.001129214526871536	93371.3767876441	93476.8131027067	84051.91815188594	0.031 s
56	0.0012700309158597545	93312.66009807633	93431.170061242	84018.90879462691	0.000 s
57	0.0011636175570119978	93391.84932876076	93500.52172432153	84072.5316469567	0.000 s
58	0.0010635022086835644	93355.90443543447	93455.1886459952	84039.44326613666	0.000 s
59	0.0011983982327650189	93411.25380318968	93523.19768466779	84092.32593776206	0.000 s
60	0.001061107752015067	93379.1325108193	93478.21783220296	84059.22455016836	0.000 s
61	0.0010882963621974273	93334.50229380628	93436.07789312013	84028.56712712768	0.000 s
62	0.0011004218337347105	93397.67937738255	93500.45622298957	84078.42801597076	0.000 s
63	9.716347791972613E-4	93367.69938138899	93458.41868536158	84047.55154104455	0.015 s
64	0.0011857729329740607	93308.1443907897	93418.78666283435	84018.72626176829	0.000 s
65	0.001160880970771716	93439.18461218307	93547.65638352379	84114.60884942616	0.000 s
66	0.0010323167073789108	93409.17647829144	93505.60433179248	84083.37226253477	0.000 s
67	9.110380864936207E-4	93380.77183863417	93465.84527832533	84054.10093254867	0.000 s
68	0.0010681897574613686	93328.5362572323	93428.22884374115	84026.65915507296	0.000 s
69	9.496697897721784E-4	93397.14741487445	93485.84386422524	84071.1638082052	0.000 s
70	9.023753265691159E-4	93364.17271318726	93448.42223902918	84043.66446904553	0.000 s
71	9.854037051784115E-4	93412.95264083872	93505.00211048266	84087.5540990902	0.016 s
72	8.717768867365638E-4	93386.40562814187	93467.8177381039	84060.05149701968	0.000 s
73	9.312518323314478E-4	93345.57193452935	93432.5001694334	84034.14676059334	0.000 s
74	9.077471826215433E-4	93401.75110132938	93486.53627774354	84075.9264132903	0.000 s
75	8.006544848166985E-4	93376.64911447428	93451.41154736494	84049.99854162718	0.000 s
76	9.553327834990188E-4	93328.93493164389	93418.09512283314	84025.63372624517	0.000 s
77	8.395884946870158E-4	93391.40284036985	93469.81318769729	84065.5016164776	0.000 s
78	8.13660740440092E-4	93360.5592329889	93436.52305474233	84040.96822705133	0.000 s
79	8.75103690239909E-4	93405.7325520315	93487.47225327734	84080.41076095936	0.000 s
80	7.738052421240038E-4	93382.09925851862	93454.35881644541	84055.8671870744	0.000 s
81	8.688786603743281E-4	93341.64310218903	93422.7456640048	84032.60965100699	0.015 s
82	9.345531066902169E-4	93438.05691836152	93525.37974473767	84109.05730085002	0.000 s
83	8.332797275620862E-4	93414.41034319374	93492.25067759489	84084.29750351679	0.000 s
84	7.366453223163205E-4	93391.76932442911	93460.5659344448	84060.78036102412	0.000 s
85	8.211569133445007E-4	93353.59176066541	93430.24970792522	84038.43726847971	0.000 s
86	7.732245716289832E-4	93404.65851310261	93476.88129016955	84074.46576567518	0.000 s
87	6.957783622776326E-4	93381.72372784867	93446.69671065069	84052.09947923754	0.000 s
88	8.072653796988849E-4	93417.21122246869	93492.6237029566	84087.69914467934	0.000 s
89	7.155468894337602E-4	93395.7654288293	93462.59447826818	84065.33903634053	0.000 s
90	7.253000466078685E-4	93366.0717181507	93433.79013431947	84044.03146904822	0.000 s
91	7.51325089856314E-4	93407.92938278984	93478.10910372665	84078.31359397394	0.000 s
92	6.637397877946594E-4	93387.44191859718	93449.42687947891	84056.99129489374	0.016 s
93	7.514563254555906E-4	93351.72842937977	93421.87817620023	84036.64251840946	0.000 s
94	6.973556012441762E-4	93399.42131655419	93464.55392616226	84069.55655857782	0.000 s
95	6.413486185532502E-4	93377.22973383447	93437.11709112859	84049.19371341735	0.000 s
96	7.304606104800992E-4	93411.02448459023	93479.25755856081	84081.80627252442	0.000 s
97	6.469827240107584E-4	93391.52010676729	93451.94280684547	84061.44369754377	0.000 s
98	6.709032988405639E-4	93363.01467835139	93425.6522328888	84041.96195647148	0.000 s
99	6.815328742493243E-4	93402.77608803156	93466.43315048171	84073.46344149117	0.000 s
100	6.015022946519455E-4	93384.06861404213	93440.23934559741	84053.96587286425	0.000 s
101	7.609459952224729E-4	93343.96980033214	93414.99952032987	84035.28835912904	0.000 s
102	7.356375483531519E-4	93428.49123683751	93497.22074307731	84096.40536649144	0.000 s
103	6.555426668888309E-4	93409.76906104595	93471.0031501697	84076.76398002575	0.016 s
104	5.784434817208695E-4	93391.689326122	93445.71114005959	84057.92048302865	0.000 s
105	6.84285766844539E-4	93357.42221592725	93421.30537117891	84039.83921739338	0.000 s
106	6.116632796830945E-4	93402.09922207375	93459.22985641322	84069.08171677229	0.000 s
107	5.860438886136077E-4	93380.18069655003	93434.90558076488	84050.98485452146	0.000 s
108	6.427954216623455E-4	93412.30638962162	93472.3513924958	84079.933900436	0.000 s
109	5.688487512187645E-4	93394.99512669684	93448.12275304474	84061.83836443452	0.000 s
110	6.128982308000186E-4	93367.47959802215	93424.70436108204	84044.4405419132	0.000 s
111	6.012113326128166E-4	93404.9253405298	93461.08144016638	84072.51934054811	0.000 s
112	5.299937542768696E-4	93388.2449396097	93437.74012615057	84055.11063716395	0.000 s
113	6.479340170810755E-4	93354.67169793702	93415.15936538354	84038.35654755299	0.000 s
114	6.530560897468618E-4	93427.88399787997	93488.89764647695	84093.20603132558	0.015 s
115	5.817473267000217E-4	93411.18985899485	93465.53156897919	84075.67898273698	0.000 s
116	5.176773121953193E-4	93394.55762845323	93442.90587202	84058.79076635807	0.000 s
117	6.112643944768958E-4	93420.45594808238	93477.56054651923	84085.60958255612	0.000 s
118	5.425264889185044E-4	93404.34756749026	93455.02190022578	84068.72827510415	0.000 s
119	5.441809203297066E-4	93382.36308917026	93433.17998945869	84052.44781607956	0.000 s
120	5.731636009069785E-4	93413.3796133525	93466.92076238457	84078.52184534816	0.000 s
121	5.067891026688809E-4	93397.81740118883	93445.15039726082	84062.23778520378	0.000 s
122	5.67408273868697E-4	93371.05751974377	93424.03703032034	84046.5200405158	0.000 s
123	5.357339097717961E-4	93406.77077666762	93456.81195117495	84071.79039023275	0.000 s
124	4.871727895989775E-4	93390.26934465606	93435.7665426941	84056.0700162351	0.000 s
125	5.642528491403009E-4	93415.5108564487	93468.22082460336	84081.15834538519	0.000 s
126	5.004886533004349E-4	93400.5019889243	93447.24788038232	84065.44156244182	0.000 s
127	5.108258593014003E-4	93379.24395432712	93426.944486861	84050.31089906678	0.000 s
128	5.302573610337369E-4	93409.0217030369	93458.55252438188	84074.70286508527	0.000 s
129	4.6831128378554965E-4	93394.5077226383	93438.24542444841	84059.50363499396	0.000 s
130	5.349305686912498E-4	93368.56807596021	93418.51377717897	84044.80066578613	0.000 s
131	4.96231985410045E-4	93402.9643362417	93449.31387467746	84068.52875130602	0.032 s
132	4.6043953646757174E-4	93386.64068074367	93429.63958229098	84053.82196123917	0.000 s
133	5.237491367966474E-4	93411.23118822099	93460.15523992293	84077.38870184426	0.000 s
134	4.639230340426348E-4	93397.21303702758	93440.54215547084	84062.68331828371	0.000 s
135	4.934711309614315E-4	93375.44437816367	93421.52246430499	84048.4980787423	0.000 s
136	5.711610455769733E-4	93430.146482533	93483.51014268638	84094.64714579396	0.000 s
137	5.111877583126034E-4	93416.12477546424	93463.87795487845	84079.85922767261	0.000 s
138	4.52922008127965E-4	93402.4649427135	93444.76897469946	84065.52379791475	0.000 s
139	4.8079794714661617E-4	93381.2688758446	93426.16639822205	84051.62558996832	0.000 s
140	4.794519931641261E-4	93410.26934736274	93455.05508718333	84073.90612166098	0.015 s
141	4.229292043516075E-4	93397.0060545715	93436.50637603097	84060.00817226584	0.000 s
142	5.03517928893249E-4	93371.4249708954	93418.43915741456	84046.52574715485	0.000 s
143	4.503416736634236E-4	93404.63165626817	93446.69565441617	84068.2951930414	0.000 s
144	4.345583404348208E-4	93388.09052148953	93428.67309512293	84054.80660676824	0.000 s
145	4.7622832385751934E-4	93412.16372163285	93456.64923978991	84076.39936129465	0.000 s
146	4.2141517559945996E-4	93399.31817561344	93438.6780656833	84062.91237724999	0.000 s
147	4.572109670508695E-4	93378.46377052333	93421.15742824558	84049.81450261317	0.000 s
148	4.470430123697522E-4	93406.74267381578	93448.49950543634	84070.88629583817	0.000 s
149	3.937768987072321E-4	93394.24868900073	93431.02518660658	84057.78745599547	0.000 s
150	5.019784397346516E-4	93367.11217783144	93413.980455125	84045.05947223936	0.000 s
151	4.906647121756258E-4	93423.82462534243	93469.66439936256	84086.46131026233	0.000 s
152	4.373062970550734E-4	93411.3218893786	93452.17124865706	84073.29372756738	0.016 s
153	3.9250073897934E-4	93398.4401888372	93435.09914563083	84060.49027718313	0.000 s
154	4.619737523015033E-4	93418.32938522723	93461.48620138706	84080.87428849391	0.000 s
155	4.100765394154937E-4	93406.15845394916	93444.46212816804	84068.074693154	0.000 s
156	4.14910976410221E-4	93389.09201748176	93427.84017683679	84055.62271030988	0.000 s
157	4.3554452120631026E-4	93413.01595533664	93453.70148264534	84075.58108533597	0.000 s
158	3.850128697950872E-4	93401.15949447564	93437.12014293479	84063.1276314713	0.000 s
159	4.34731961115542E-4	93380.32790761456	93420.92332069544	84051.00644335823	0.000 s
160	4.0919290206908876E-4	93407.98533999	93446.20722458769	84070.48432340608	0.000 s
161	3.753622348394714E-4	93394.9931554905	93430.05010884417	84058.36271129803	0.015 s
162	4.3407053099553394E-4	93414.63064617904	93455.17918450637	84077.76888465557	0.000 s
163	3.8491007636531904E-4	93403.10921747275	93439.0610153744	84065.64681416769	0.000 s
164	3.957093750055485E-4	93386.35129838786	93423.3051530942	84053.83801864642	0.000 s
165	4.085358940288941E-4	93409.72561001488	93447.88683577796	84072.78794807312	0.000 s
166	3.6062367983036303E-4	93398.48744600736	93432.16915224073	84060.97969828254	0.000 s
167	4.2134550992556363E-4	93377.45444863991	93416.79861980013	84049.47149797718	0.000 s
168	4.4881552154185655E-4	93425.00987378685	93466.94046831841	84086.77556330228	0.000 s
169	4.008261877754826E-4	93413.76544729742	93451.20813078742	84074.91300306602	0.000 s
170	3.539539531742797E-4	93402.75644245386	93435.81671733405	84063.34557072636	0.000 s
171	4.156393729795038E-4	93381.94411171529	93420.75732441348	84052.06517090634	0.000 s
172	3.7682129038829615E-4	93409.07229281774	93444.2708199731	84070.17292076365	0.000 s
173	3.6067427526109697E-4	93395.56047935238	93429.24585544088	84058.89246541583	0.000 s
174	4.0034298535185364E-4	93415.22916564254	93452.62729736403	84076.94025832982	0.000 s
175	3.546534034857274E-4	93404.50975508188	93437.63598236743	84065.65954516955	0.000 s
176	3.7972921708595564E-4	93387.49684587594	93422.95880693884	84054.65056469922	0.000 s
177	3.7702148230045474E-4	93410.64625234505	93445.86407265774	84072.30147572294	0.000 s
178	3.3241415120732754E-4	93400.17253948085	93431.22007855818	84061.29318940543	0.000 s
179	3.9933184764473495E-4	93379.58851517402	93416.8779587881	84050.54592676819	0.000 s
180	3.5546450593715306E-4	93406.18667283143	93439.38925682857	84067.87989164339	0.000 s
181	3.4602745367995347E-4	93392.75884922044	93425.07530775719	84057.12964838135	0.000 s
182	3.7734937160460724E-4	93412.1532554088	93447.40227273996	84074.34540336841	0.000 s
183	3.3381236123997127E-4	93401.94159449599	93433.12031716404	84063.59649476974	0.000 s
184	3.653495370445903E-4	93385.00654391802	93419.12471282575	84053.09532487347	0.016 s
185	3.554943461561155E-4	93407.84034655387	93441.04630568373	84069.97862816276	0.000 s
186	3.1518646720640753E-4	93397.64247166816	93427.08014464422	84059.47746905842	0.000 s
187	3.7778375900221484E-4	93413.59713481461	93448.88727468211	84076.30894321989	0.000 s
188	3.3526682689788423E-4	93403.63467244944	93434.94981266679	84065.8075026588	0.000 s
189	3.38700699477279E-4	93389.65320647141	93421.28434733638	84055.54150536309	0.000 s
190	4.134470307746163E-4	93427.04950061053	93465.67663682059	84088.58197435465	0.000 s
191	3.7088350750158483E-4	93417.0840213307	93451.73087711309	84078.04175329431	0.000 s
192	3.2919892933391814E-4	93407.30314413342	93438.05272832043	84067.73348305825	0.000 s
193	3.352738103996611E-4	93393.3236635526	93424.63599904317	84057.65152943596	0.000 s
194	3.508223238557484E-4	93412.82959533884	93445.60090129542	84073.81803687474	0.000 s
195	3.1002607550756345E-4	93403.25286730059	93432.21031122668	84063.73538775921	0.000 s
196	3.5265211313362244E-4	93386.13903481836	93419.07185408639	84053.87094397255	0.000 s
197	3.306268243778998E-4	93408.76729900151	93439.65074310264	84069.71578320056	0.000 s
198	3.055692318674197E-4	93397.99876125461	93426.53831599404	84059.85154208384	0.000 s
199	3.509988743735093E-4	93414.1999938889	93446.98827293726	84075.62277228625	0.000 s
200	3.1111371937231347E-4	93404.84347757211	93433.90300583381	84065.76023473631	0.000 s
201	3.2425628258292427E-4	93390.77539337525	93421.05793903185	84056.10567019222	0.000 s
202	3.320945639793127E-4	93410.17456034516	93441.19557153701	84071.62577832045	0.000 s
203	2.930240877312418E-4	93401.0051546997	93428.37389902835	84061.97008340446	0.015 s
204	3.5418621324523336E-4	93382.70936978197	93415.78423799622	84052.51520806755	0.000 s
205	3.658451478540936E-4	93422.65656750152	93456.83479310638	84083.03650883868	0.000 s
206	3.2672542076372935E-4	93413.48324215141	93444.0038017687	84073.34579049982	0.000 s
207	2.883570758958065E-4	93404.46754532693	93431.4013844639	84063.85315810646	0.000 s
208	3.427469106673797E-4	93387.01452250167	93419.02263322572	84054.55414554874	0.000 s
209	3.0874028159910694E-4	93409.60013177745	93438.4394380262	84069.5064975563	0.000 s
210	2.972715914841828E-4	93398.31749981761	93426.08216630273	84060.20611875613	0.000 s
211	3.28148522792171E-4	93414.70482067305	93445.35871806703	84075.06743899155	0.000 s
212	2.905753281621237E-4	93405.88412782858	93433.0255732613	84065.76864944444	0.000 s
213	3.146579664341509E-4	93391.51975119632	93420.90613688342	84056.6549423322	0.000 s
214	3.1056486024017005E-4	93410.89695422334	93439.90709638083	84071.29522824255	0.016 s
215	2.7371654401897594E-4	93402.24278689397	93427.80852599321	84062.18062770832	0.000 s
216	3.3061329815264884E-4	93385.0424437908	93415.91678067126	84053.24509438076	0.000 s
217	2.9279032916429415E-4	93407.24942458709	93434.59816389246	84067.61905638751	0.000 s
218	2.881556329421553E-4	93395.8148376841	93422.72736782281	84058.6834528893	0.000 s
219	3.1166795537540537E-4	93412.18878390273	93441.30236978816	84072.99684589285	0.000 s
220	2.7556678090334685E-4	93403.71442090427	93429.45338181166	84064.06230177205	0.000 s
221	3.0418178885471825E-4	93389.4285903651	93417.83595381383	84055.33282268573	0.000 s
222	3.442812534550921E-4	93423.6292509364	93455.79325511724	84083.56734668618	0.000 s
223	3.0811879565373346E-4	93415.1515044493	93443.93446842665	84074.60127886457	0.000 s
224	2.72599101096338E-4	93406.80832895511	93432.27094094187	84065.80452658187	0.000 s
225	3.0609266919934264E-4	93392.21212516382	93420.79879665564	84057.1735612905	0.000 s
226	2.909728116662347E-4	93411.57839578907	93438.75862539707	84071.002503662	0.000 s
227	2.6556534913058094E-4	93402.50219257447	93427.3066606789	84062.3722814315	0.016 s
228	3.091638107797223E-4	93416.28701936858	93445.16795465238	84076.14485166338	0.000 s
229	2.743372101161601E-4	93408.11158957669	93433.7369103124	84067.51635461941	0.000 s
230	2.8212764698221093E-4	93396.1396858986	93422.4893190254	84059.04683423271	0.000 s
231	2.9307043327708726E-4	93412.73875806434	93440.11526988576	84072.6309060331	0.000 s
232	2.5886743511804866E-4	93404.7064640394	93428.8859008297	84064.16102634651	0.000 s
233	2.9716365751730756E-4	93390.0823633642	93417.83450181513	84055.84532799991	0.000 s
234	2.767617002865652E-4	93409.331816391	93435.18394188714	84069.19869298702	0.000 s
235	2.581804908703411E-4	93400.0368436607	93424.15091102029	84060.8833669467	0.000 s
236	2.9448232415107967E-4	93413.89951144317	93441.40825367933	84074.18408354383	0.000 s
237	2.610958473387992E-4	93406.0063498883	93430.39427026275	84065.87002322318	0.000 s
238	2.7323985884075697E-4	93394.06298857881	93419.58196916638	84057.73486106153	0.000 s
239	2.7940428973383113E-4	93410.49823507416	93436.59752898721	84070.83770003996	0.000 s
240	2.4641943124281696E-4	93402.75424130322	93425.77049487988	84062.67057182992	0.000 s
241	3.0801503404886965E-4	93386.34499361308	93415.109391846	84054.6472088108	0.000 s
242	3.087616489509948E-4	93421.02761170984	93449.87244224192	84080.48588272512	0.000 s
243	2.7573830314508996E-4	93413.28075367238	93439.03837319862	84072.29373202902	0.000 s
244	2.4325483505571732E-4	93405.64677740619	93428.3681526063	84064.24368559987	0.000 s
245	2.91075978573474E-4	93390.67501125656	93417.85879337511	84056.3330236945	0.000 s
246	2.6104017821881875E-4	93409.99506336257	93434.37882512133	84069.05081503693	0.016 s
247	2.532356339963737E-4	93400.2326402383	93423.88490736636	84061.13935943888	0.000 s
248	2.780165945173163E-4	93414.32867721198	93440.29941074994	84073.78734816388	0.000 s
249	2.461044153982961E-4	93406.83490724424	93429.82274174328	84065.87708941159	0.000 s
250	2.683531162781527E-4	93394.4381416136	93419.50083013196	84058.10097431755	0.000 s
251	2.6295176184243374E-4	93411.13283793768	93435.6954598931	84070.56890482755	0.000 s
252	2.3239561087318172E-4	93403.68317203151	93425.38977804007	84062.79343905245	0.000 s
253	2.802724016990332E-4	93415.34488613036	93441.52662919713	84075.23791588568	0.015 s
254	2.489117331845314E-4	93407.98623923052	93431.2365829786	84067.46267754778	0.000 s
255	2.468317933286279E-4	93398.04192539246	93421.09553157429	84059.81663238724	0.016 s
256	2.654738176832705E-4	93412.19998534487	93436.99847869316	84072.06547844961	0.000 s
257	2.3462801601414895E-4	93404.95783529524	93426.87325523802	84064.42029671613	0.000 s
258	2.704549957892599E-4	93391.63475155234	93416.89298573583	84056.900769	0.000 s
259	2.9363167074536456E-4	93421.99347241604	93449.42512844372	84081.09475396227	0.000 s
260	2.627465575120169E-4	93414.74877448948	93439.29317815082	84073.42723631409	0.016 s
261	2.323339323391238E-4	93407.60273571496	93429.30449136892	84065.88402500274	0.000 s
262	2.6361149482023727E-4	93394.83667322817	93419.45662573208	84058.46289556072	0.000 s
263	2.485080864980116E-4	93411.69267909069	93434.9062400949	84070.35494908984	0.000 s
264	2.2933528696644778E-4	93403.65241803468	93425.07317146567	84062.93446210132	0.000 s
265	2.651375590363436E-4	93415.70303332355	93440.47104480147	84074.80606286424	0.000 s
266	2.3522642477313838E-4	93408.6800202981	93430.65221014204	84067.38580428949	0.000 s
267	2.4309183817505797E-4	93398.26483141961	93420.96918729985	84060.08332312528	0.000 s
268	2.511377137788262E-4	93412.69377398008	93436.1532243324	84071.77601632099	0.000 s
269	2.216958254654955E-4	93405.7769754583	93426.48464628811	84064.47435950254	0.015 s
270	2.574340918639617E-4	93392.90584177716	93416.94835967907	84057.28739619191	0.000 s
271	2.380728181894387E-4	93409.72624604864	93431.96456282234	84068.84651153843	0.000 s
272	2.2341419402960305E-4	93401.57370081892	93422.44093812838	84061.65895965551	0.000 s
273	2.5372853696414843E-4	93413.66646790499	93437.36818083035	84073.15865570257	0.000 s
274	2.2475626616280664E-4	93406.86488132288	93427.85865950758	84065.97209117694	0.000 s
275	2.3746194812623855E-4	93396.2987991752	93418.47686623584	84058.89629881331	0.000 s
276	2.4030024602872402E-4	93410.77544818766	93433.22208050959	84070.24698908279	0.000 s
277	2.119504058737398E-4	93404.05660290801	93423.85363061524	84063.17177386934	0.000 s
278	2.7380322851722205E-4	93389.06546824027	93414.63569587369	84056.2305161575	0.000 s
279	2.670315882624674E-4	93419.8358211508	93444.78186828534	84078.63268952104	0.016 s
280	2.384595007998147E-4	93413.13135892003	93435.40660759203	84071.53738172828	0.000 s
281	2.1029399991934206E-4	93406.51169888879	93426.15452785246	84064.54896951144	0.000 s
282	2.5291753092870906E-4	93393.4028490484	93417.02367790202	84057.66567557109	0.047 s
283	2.254921411251054E-4	93410.31552561847	93431.37881766951	84068.70976333054	0.000 s
284	2.2108370978268788E-4	93401.61093983147	93422.26051447773	84061.82689029713	0.000 s
285	2.4056495309143777E-4	93414.0802766398	93436.55243047963	84072.8348589596	0.000 s
286	2.128362484143942E-4	93407.56654303419	93427.44705907072	84065.95290948753	0.000 s
287	2.3485852955440478E-4	93396.5239247809	93418.45889505536	84059.17261900395	0.000 s
288	2.283506752398523E-4	93411.27245644227	93432.6029835827	84070.06308943879	0.000 s
289	2.029717619269622E-4	93404.66770143081	93423.62621140637	84063.28248939659	0.000 s
290	2.4319330164290776E-4	93414.97243164	93437.69032720853	84074.119162477	0.000 s
291	2.158816808790487E-4	93408.56099758628	93428.72619474292	84067.33961223629	0.000 s
292	2.164581637107421E-4	93399.6583393249	93419.87545786024	84060.65844326772	0.000 s
293	2.311611589462803E-4	93412.20385506166	93433.79712836452	84071.38197112127	0.000 s
294	2.042352095816824E-4	93405.8807771782	93424.9575468149	84064.70065864242	0.016 s
295	2.4289114697029213E-4	93393.54421880427	93416.22868387919	84058.11538267497	0.000 s
296	2.558110629578003E-4	93420.77217673676	93444.67024376962	84079.25821845056	0.000 s
297	2.2885779408587936E-4	93414.44729813092	93435.82592247533	84072.56041643267	0.000 s
298	2.022664458676271E-4	93408.19783723752	93427.09118142896	84065.9577399874	0.000 s
299	2.3170804313021875E-4	93396.82358837526	93418.46438360351	84059.44869760468	0.000 s
300	2.1722232350884774E-4	93411.74698454533	93432.03810126834	84069.89847218388	0.000 s
301	2.0130441849874892E-4	93404.61905293129	93423.42181545483	84063.38917740229	0.000 s
302	2.3153650916407642E-4	93415.29181872105	93436.9208692913	84073.78842382833	0.000 s
303	2.0532910471526833E-4	93409.13661867763	93428.31623307178	84067.28011252919	0.000 s
304	2.1416788642270035E-4	93399.81292676531	93419.81616729211	84060.86253454172	0.000 s
305	2.1954943008717365E-4	93412.65756749862	93433.1662632305	84071.13986391487	0.000 s
306	1.937033556094203E-4	93406.58411094222	93424.67727972052	84064.7229593551	0.015 s
307	2.271440800878377E-4	93395.07634387429	93416.29048257515	84058.39469816018	0.000 s
308	2.0833832717981338E-4	93410.05155283803	93429.51244672033	84068.5704770149	0.000 s
309	1.973589812593879E-4	93402.70157100681	93421.13543303573	84062.241838818	0.000 s
310	2.223529723079931E-4	93413.51576737654	93434.28654026115	84072.3697063204	0.000 s
311	1.9686934926022026E-4	93407.53130051661	93425.92038041975	84066.04185136428	0.000 s
312	2.1545731592653716E-4	93397.53011813216	93417.65329928558	84059.79996704536	0.000 s
313	2.4618737011317116E-4	93421.58660657235	93444.58582129084	84079.83061859278	0.000 s
314	2.2067555030291786E-4	93415.60046789143	93436.21500693157	84073.48764092103	0.000 s
315	1.9548800980584424E-4	93409.68184090217	93427.94231370185	84067.22986822159	0.000 s
316	2.1230839624575282E-4	93399.93676383143	93419.7663546152	84061.05603651899	0.000 s
317	2.092224778893481E-4	93413.06196399477	93432.6060762861	84070.93890897943	0.000 s
318	1.8438105598583832E-4	93407.21785974926	93424.44038121494	84064.76572131462	0.016 s
319	2.238578462649965E-4	93395.48473418545	93416.39204624892	84058.69736226177	0.000 s
320	1.9868333397088378E-4	93410.53838213132	93429.09749932509	84068.47058968087	0.000 s
321	1.9595769153868403E-4	93402.73223297577	93421.03521676756	84062.37888396755	0.000 s
322	2.1222479901306102E-4	93413.86626976494	93433.69100875907	84072.12371541133	0.000 s
323	1.8770483965391271E-4	93408.10563576756	93425.6387892583	84066.03275359329	0.000 s
324	2.0806951178187205E-4	93398.24508625557	93417.67841351195	84060.02149151923	0.000 s
325	2.0116148346271956E-4	93411.41238554966	93430.20316383749	84069.65915003435	0.000 s
326	1.8075517707805133E-4	93405.36888428505	93422.25238827778	84063.64837968777	0.000 s
327	2.1451922718807026E-4	93414.68949196329	93434.72873896112	84073.25825595393	0.000 s
328	1.904357874853435E-4	93408.99940150605	93426.7878178653	84067.24830783518	0.000 s
329	1.9223618869035342E-4	93401.00297621715	93418.95802904916	84061.33771777058	0.000 s
330	2.0425198653839516E-4	93412.22799539327	93431.30762852832	84070.84399093577	0.016 s
331	1.803648874778574E-4	93406.61710472353	93423.4643787073	84064.91110874528	0.000 s
332	2.223430893932843E-4	93394.94272448632	93415.7084445854	84059.05399924713	0.000 s
333	2.2643916493958471E-4	93419.82833109693	93440.98223901301	84077.83808744057	0.000 s
334	2.025295841674435E-4	93414.21599187242	93433.13513419259	84071.89218932309	0.000 s
335	1.7890607560411276E-4	93408.66316989796	93425.37454725312	84066.0214246152	0.000 s
336	2.068201250970958E-4	93398.38266280116	93417.69932798734	84060.2247450603	0.000 s
337	1.923920591972994E-4	93411.81836014766	93429.79005223534	84069.53094524381	0.000 s
338	1.799064315182175E-4	93405.31891551554	93422.12313312646	84063.73410562293	0.000 s
339	2.0531776713861305E-4	93414.97320166836	93434.15295538343	84072.99858574658	0.000 s
340	1.8199762259829555E-4	93409.4949013654	93426.49520736554	84067.20252519213	0.000 s
341	1.9153216738421186E-4	93401.03114692519	93418.92044885668	84061.47850304405	0.000 s
342	1.9484589064422408E-4	93412.63078409218	93430.83185133473	84070.6461145462	0.000 s
343	1.7187683710839785E-4	93407.21132810762	93423.2658641538	84064.92265197718	0.015 s
344	2.0438695375935012E-4	93396.71312582784	93415.80219551476	84059.29076436635	0.000 s
345	2.170604390181463E-4	93419.93474677468	93440.21251882387	84077.43735080352	0.000 s
346	1.9399897404603905E-4	93414.5196147566	93432.64193572286	84071.70077595909	0.000 s
347	1.712040941082016E-4	93409.15991801556	93425.15194862074	84066.0341959098	0.000 s
348	2.0501397704686397E-4	93398.59350577538	93417.74152288058	84060.43666767159	0.000 s
349	1.8381344960860524E-4	93412.22667729012	93429.3971009113	84069.40325198576	0.000 s
350	1.7956072336589024E-4	93405.22311106836	93421.99502049634	84063.80619027969	0.000 s
351	1.9633634931315314E-4	93415.26794010187	93433.60875277933	84072.74882016727	0.000 s
352	1.7382843423319194E-4	93409.97791201706	93426.21522221927	84067.15249078412	0.000 s
353	1.9098605165179805E-4	93401.06080413258	93418.89910395564	84061.62336232717	0.000 s
354	1.86720473313029E-4	93412.97575966045	93430.41787470787	84070.4911446177	0.000 s
355	1.6541548918214133E-4	93407.65829770651	93423.10937119718	84064.96197560019	0.000 s
356	1.990832700138334E-4	93415.97464135269	93434.57219905582	84073.79120550673	0.016 s
357	1.7685098780373387E-4	93410.75230341214	93427.2720872285	84068.26283152787	0.000 s
358	1.7660732593283157E-4	93403.55158040157	93420.04733187883	84062.79988832441	0.000 s
359	1.8957961335264173E-4	93413.70878496196	93431.41811975524	84071.55663367272	0.000 s
360	1.676039744056279E-4	93408.54520465623	93424.20084807598	84066.09373293092	0.000 s
361	1.872056107916631E-4	93399.57255390598	93417.05747793362	84060.69498722092	0.000 s
362	1.7982260429194596E-4	93411.51002995716	93428.3075309616	84069.350269673	0.000 s
363	1.628417936190285E-4	93405.96148397509	93421.17187827785	84063.95195108266	0.000 s
364	1.9195966495688666E-4	93414.45100625936	93432.38281297666	84072.5847735462	0.000 s
365	1.7025057822994683E-4	93409.35206616571	93425.25506236705	84067.1871210682	0.000 s
366	1.7721933759839992E-4	93401.64671064063	93418.1992886013	84061.8519654444	0.000 s
367	2.1260733943728738E-4	93421.31426377728	93441.17632084964	84078.941321212	0.015 s
368	1.9087708514509139E-4	93416.21414522246	93434.04515988378	84073.53275610485	0.000 s
369	1.6938308407254965E-4	93411.16311094078	93426.98538183531	84068.18621198108	0.000 s
370	1.7626039976614827E-4	93403.53278088663	93419.99612491416	84062.90090316375	0.000 s
371	1.8173073117688787E-4	93414.01876416345	93430.99496209565	84071.3700661646	0.000 s
372	1.604768794052358E-4	93409.02272639766	93424.01271487308	84066.0848070186	0.000 s
373	1.8648461397940963E-4	93399.6820671681	93417.0996708242	84060.85962745456	0.000 s
374	1.7233381840409123E-4	93411.88709889009	93427.98512607817	84069.23346172937	0.000 s
375	1.6289017479276247E-4	93405.86442177725	93421.07931935959	84064.00869603977	0.000 s
376	1.841141046481365E-4	93414.72921157928	93431.92818080902	84072.36154670181	0.000 s
377	1.631097546113125E-4	93409.7937299991	93425.0297785327	84067.13741121965	0.000 s
378	1.737238464725177E-4	93401.97268405402	93418.19883401682	84061.97185144598	0.000 s
379	1.7523622063264632E-4	93412.59627872807	93428.96554905943	84070.26013345673	0.000 s
380	1.5446132743734964E-4	93407.71333765777	93422.14121705279	84065.09454312849	0.016 s
381	1.909661199146484E-4	93397.54734213282	93415.38310935828	84059.98644689297	0.000 s
382	1.9490451117243346E-4	93419.21399353119	93437.4218197687	84076.36678393694	0.000 s
383	1.7411137929612686E-4	93414.32988766154	93430.5943854843	84071.19121540208	0.000 s
384	1.535357173496621E-4	93409.49095560693	93423.83264880806	84066.07271854459	0.000 s
385	1.8635004677824973E-4	93399.73080320432	93417.13584740857	84061.01059842305	0.000 s
386	1.6545623750574556E-4	93412.23765591356	93427.69329329311	84069.1344094515	0.000 s
387	1.6286800243991983E-4	93405.78999329935	93421.00280773189	84064.07220514494	0.000 s
388	1.7689897515738018E-4	93414.98729407546	93431.51230959212	84072.16273009048	0.000 s
389	1.5655380593693202E-4	93410.20505542147	93424.82877853623	84067.10112496237	0.000 s
390	1.73194563532153E-4	93402.0318765628	93418.20860070668	84062.09453410988	0.000 s
391	1.683344279770349E-4	93412.9170202284	93428.64163018067	84070.12510050177	0.000 s
392	1.5029422679280202E-4	93407.98898853075	93422.02767001206	84065.11849125434	0.016 s
393	1.7964296069261643E-4	93415.63195598105	93432.4134166806	84073.11606065294	0.000 s
394	1.5952317537482053E-4	93410.90509131778	93425.80629551258	84068.11009733856	0.000 s
395	1.6051846380693569E-4	93404.26789312021	93419.26100271543	84063.1578346904	0.015 s
396	1.707718608670028E-4	93413.60598845434	93429.55840377929	84071.08315600596	0.000 s
397	1.5086599179614524E-4	93408.92746190261	93423.01969238676	84066.1313964525	0.000 s
398	1.7183587670666078E-4	93400.49216591676	93416.54172137292	84061.23238255804	0.000 s
399	1.8995835469071132E-4	93419.91926352384	93437.66515768248	84076.93891540969	0.000 s
400	1.7003356032740946E-4	93415.23962138547	93431.12334716713	84071.9777663549	0.000 s
401	1.5030838535756708E-4	93410.60142073955	93424.64181741438	84067.06899475539	0.000 s
402	1.7299927903402512E-4	93402.06140924554	93418.21989852963	84062.21198984359	0.000 s
403	1.617613413886776E-4	93413.22828052548	93428.33892963557	84070.000009109	0.000 s
404	1.507495349206689E-4	93407.84167958258	93421.92286827372	84065.14299638488	0.000 s
405	1.7275888247625382E-4	93415.85869236692	93431.99711172016	84072.89967845335	0.016 s
406	1.5324569384822517E-4	93411.27261253292	93425.58748781768	84068.04327705393	0.000 s
407	1.6065599210124404E-4	93404.23013285258	93419.23608211102	84063.23744250806	0.000 s
408	1.6418663740846995E-4	93413.88987108876	93429.22718355393	84070.9261458453	0.000 s
409	1.4487485178560355E-4	93409.34931408882	93422.8819797261	84066.12079181701	0.000 s
410	1.7069303395755853E-4	93400.65115897893	93416.59399949886	84061.36513156135	0.000 s
411	1.5613700263950037E-4	93411.9311879566	93426.51624690305	84068.99995018351	0.000 s
412	1.4872815065647416E-4	93406.34166548506	93420.23381794056	84064.24422189551	0.000 s
413	1.6695503214259055E-4	93414.51698030334	93430.11300398837	84071.84892961186	0.000 s
414	1.47846306181032E-4	93410.02635334343	93423.83668070006	84067.09372437406	0.000 s
415	1.5856506825406846E-4	93402.80584869825	93417.61627098276	84062.38708431086	0.000 s
416	1.5898306129358275E-4	93412.57746914198	93427.42848667136	84069.93943136834	0.015 s
417	1.4006454399906332E-4	93408.13038078876	93421.21354797635	84065.23277809593	0.000 s
418	1.7905500336734548E-4	93398.33015261103	93415.05359093101	84060.57387249035	0.000 s
419	1.770418657633943E-4	93418.60248105848	93435.14148473874	84075.50206008603	0.000 s
420	1.5810788173609147E-4	93414.15441873648	93428.9239328158	84070.78712655243	0.000 s
421	1.3986271691956986E-4	93409.6964299394	93422.76096386873	84066.11962066905	0.000 s
422	1.6869463455382316E-4	93416.67548380722	93432.4343757392	84073.56872535331	0.000 s
423	1.4995006799423116E-4	93412.27020312806	93426.27737939652	84068.90183169045	0.000 s
424	1.496225933750317E-4	93406.19838548104	93420.17406312078	84064.28157269173	0.000 s
425	1.6084982700736994E-4	93414.75768029878	93429.78342791159	84071.6806021567	0.000 s
426	1.422882432124961E-4	93410.39427716266	93423.68547806215	84067.06044173367	0.000 s
427	1.585576217493223E-4	93402.83060086393	93417.64033154867	84062.48614666819	0.000 s
428	1.5276840762012966E-4	93412.89130101207	93427.16183966733	84069.81111969615	0.000 s
429	1.3814611971207924E-4	93408.21827537523	93421.1222582792	84065.23721214088	0.000 s
430	1.6355061233919166E-4	93415.35021506021	93430.62835278976	84072.55871545688	0.016 s
431	1.4517674781466816E-4	93411.03294926477	93424.59405923836	84067.98495055165	0.000 s
432	1.4721401836004233E-4	93404.86090204056	93418.61140694832	84063.45604951262	0.000 s
433	1.5554395523920128E-4	93413.5013110274	93428.03121649407	84070.70474954174	0.000 s
434	1.3734875834336968E-4	93409.22440742019	93422.05404841037	84066.1762746392	0.000 s
435	1.6197309909316004E-4	93400.99924083789	93416.12769014332	84061.69193354792	0.000 s
436	1.7321327597841218E-4	93419.27168349025	93435.45314157807	84076.05922139992	0.000 s
437	1.55001958604295E-4	93414.99383632743	93429.47334333506	84071.52289013092	0.000 s
438	1.369578399204041E-4	93410.7506684672	93423.54400310409	84067.0304106178	0.000 s
439	1.5875768329709494E-4	93402.8361895147	93417.66460740152	84062.58131462515	0.016 s
440	1.4716995828201185E-4	93413.17601680005	93426.92363001744	84069.70368262644	0.000 s
441	1.3890519112647048E-4	93408.07463707187	93421.04950353208	84065.25495984088	0.000 s
442	1.576768919722138E-4	93415.56477482524	93430.29425074076	84072.37435529246	0.000 s
443	1.3981026784115613E-4	93411.36526036778	93424.42512836424	84067.92577041798	0.000 s
444	1.4769619478482987E-4	93404.80934601254	93418.60488092755	84063.5196472216	0.000 s
445	1.4991524078866725E-4	93413.76358523958	93427.76773210043	84070.56990957713	0.000 s
446	1.3221769595972432E-4	93409.60227662805	93421.95267902158	84066.16419470731	0.000 s
447	1.5686809170212257E-4	93401.5340146176	93416.18573502052	84061.80026901298	0.000 s
448	1.4262023133615465E-4	93411.9692333943	93425.29167005593	84068.80622820371	0.000 s
449	1.369108968800603E-4	93406.7409885209	93419.5293892043	84064.442257893	0.000 s
450	1.5262007664640365E-4	93414.34110243926	93428.59800633819	84071.42181592378	0.000 s
451	1.3509316724391596E-4	93410.22176361673	93422.84084632774	84067.0582867376	0.000 s
452	1.459210305929659E-4	93403.50124896267	93417.13078412591	84062.73567517899	0.015 s
453	1.4504569609208318E-4	93412.58287227934	93426.13196538581	84069.66013174936	0.000 s
454	1.277663411600738E-4	93408.49239294312	93420.42685424944	84065.33786722254	0.000 s
455	1.6880100850813484E-4	93399.01782288241	93414.78367128459	84061.07143903193	0.000 s
456	1.622046953164702E-4	93418.08542685586	93433.23827893956	84074.78423419717	0.000 s
457	1.4482371097801483E-4	93414.00188815905	93427.5304505698	84070.45450171609	0.000 s
458	1.2888936670263362E-4	93409.82915745224	93421.86869117615	84066.16480715694	0.000 s
459	1.546249912882658E-4	93416.31921167363	93430.76370921792	84073.01316409702	0.000 s
460	1.3740385256366672E-4	93412.27176413071	93425.10697014783	84068.723981074	0.000 s
461	1.3775525305304015E-4	93406.6283454845	93419.49559920905	84064.47422028644	0.000 s
462	1.4715988920754874E-4	93414.57887812401	93428.3257572021	84071.26955552532	0.000 s
463	1.3009584326928447E-4	93410.56691782255	93422.719244296	84067.02021552433	0.000 s
464	1.4669946232981346E-4	93403.45517772801	93417.15741438232	84062.80969599783	0.000 s
465	1.4013980532601167E-4	93412.84420310841	93425.93506091	84069.56422409827	0.016 s
466	1.274769512085161E-4	93408.47017444161	93420.3776014365	84065.35370767284	0.000 s
467	1.497977537334716E-4	93415.12682300316	93429.12019916596	84072.08332090695	0.000 s
468	1.328924420087585E-4	93411.15389444059	93423.56753079248	84067.87325330166	0.000 s
469	1.3624565930525634E-4	93405.3325685265	93418.05863964492	84063.70122531216	0.000 s
470	1.4283631377876027E-4	93413.4072088859	93426.75003562913	84070.39109196953	0.000 s
471	1.2608008311287833E-4	93409.46838493866	93421.24545847616	84066.21910337864	0.000 s
472	1.5337926374647814E-4	93401.4581651924	93415.78401207863	84062.084586993	0.000 s
473	1.5897296998246269E-4	93418.73435454653	93433.58540819887	84075.31492910892	0.000 s
474	1.4220445369628187E-4	93414.79479633701	93428.07879619817	84071.13649503546	0.000 s
475	1.2557801141355185E-4	93410.88468443282	93422.61503757587	84066.99531021417	0.000 s
476	1.4696500886257624E-4	93403.46668882074	93417.19373013046	84062.89100783791	0.000 s
477	1.353828833268178E-4	93413.10177704823	93425.7483121073	84069.47337984348	0.000 s
478	1.2834310013998262E-4	93408.34284495901	93420.33116125868	84065.36908562548	0.000 s
479	1.448122120453199E-4	93415.32436996828	93428.85204972923	84071.92739544959	0.109 s
480	1.2833654060995237E-4	93411.4513510506	93423.43945357033	84067.82353067856	0.000 s
481	1.368442056093322E-4	93405.28649719327	93418.06846942368	84063.75582487237	0.000 s
482	1.3772380950505259E-4	93413.66452589164	93426.52981162997	84070.26547887888	0.000 s
483	1.213920834191029E-4	93409.82402731295	93421.16324046344	84066.19812350746	0.000 s
484	1.454504370419496E-4	93402.25228069583	93415.83767911076	84062.16639817435	0.000 s
485	1.310561254286302E-4	93412.00896052344	93424.25117648632	84068.6389794597	0.000 s
486	1.2700350686101203E-4	93407.06656240867	93418.9295874277	84064.60722520013	0.000 s
487	1.4035247644472726E-4	93414.19958261334	93427.31049685986	84071.05654552454	0.000 s
488	1.241661380724235E-4	93410.39485538541	93421.99326337043	84067.02516754188	0.000 s
489	1.3907302456983572E-4	93403.7263041274	93416.7162428506	84063.02873262923	0.000 s
490	1.56198097951199E-4	93419.32518754543	93433.91710845161	84075.81743175817	0.031 s
491	1.3999886339277623E-4	93415.51973656763	93428.59780315399	84071.77987616912	0.000 s
492	1.2393216271489038E-4	93411.74174363841	93423.31846281566	84067.77706456296	0.000 s
493	1.3754902019469384E-4	93405.23092728473	93418.07872527983	84063.80866661806	0.000 s
494	1.331035640401712E-4	93413.89842900696	93426.33215181876	84070.1578241713	0.000 s
495	1.1995038735279628E-4	93409.89206459075	93421.09661732648	84066.1897633797	0.016 s
496	1.4222903005900456E-4	93416.04244219778	93429.32891530628	84072.52677284501	0.000 s
497	1.263953403449758E-4	93412.29077778304	93424.0976560683	84068.55914228239	0.000 s
498	1.2781793211491532E-4	93406.98034085616	93418.91942792843	84064.63945779296	0.000 s
499	1.358135766880153E-4	93414.40945427999	93427.09639934218	84070.9312992901	0.000 s
500	1.2002138775413229E-4	93410.69644972534	93421.90773114431	84066.99738616357	0.000 s
501	1.3598313753249158E-4	93404.05599030976	93416.75736690158	84063.09675797171	0.000 s
502	1.290663741391196E-4	93412.82302420221	93424.87947856805	84069.3437916748	0.000 s
503	1.1868483828481047E-4	93408.64695018003	93419.73314033772	84065.44345616834	0.000 s
504	1.380666751229498E-4	93414.93729102245	93427.83478082104	84071.67872491319	0.000 s
505	1.2245759441320558E-4	93411.25362053081	93422.6925379403	84067.77877119198	0.062 s
506	1.2644396659244883E-4	93405.79128682741	93417.60188558043	84063.92548803458	0.000 s
507	1.3178997821938765E-4	93413.33898401831	93425.6499259284	84070.11701006026	0.000 s
508	1.1626300365552567E-4	93409.68876080927	93420.54885179513	84066.24964519012	0.000 s
509	1.4656381417310627E-4	93401.79552234613	93415.4848457485	84062.4144912834	0.000 s
510	1.4682491191653213E-4	93418.27517184976	93431.99130187326	84074.68093451897	0.000 s
511	1.3128722093447287E-4	93414.62431209409	93426.88845851467	84070.8080285091	0.000 s
512	1.1587174598881589E-4	93410.99876665146	93421.82246217312	84066.9671556714	0.000 s
513	1.368526640639356E-4	93404.01040430137	93416.79299195945	84063.15802332298	0.000 s
514	1.250176271880843E-4	93413.05540427797	93424.733682813	84069.26744770481	0.000 s
515	1.1959120314775085E-4	93408.53694480851	93419.70778412602	84065.45832706381	0.000 s
516	1.3381846339899361E-4	93415.11808379742	93427.61875135763	84071.54633271962	0.000 s
517	1.1853264888483928E-4	93411.52444608702	93422.59676151599	84067.73757950414	0.000 s
518	1.275279911356897E-4	93405.69878622035	93417.61062734718	84063.95998858976	0.000 s
519	1.2729669928401854E-4	93413.57900479871	93425.47024507434	84070.00604641374	0.000 s
520	1.1215498833849757E-4	93410.01150785782	93420.48790660918	84066.22875973883	0.000 s
521	1.3649489073874754E-4	93402.80556001866	93415.55456575827	84062.49583586365	0.015 s
522	1.42455942570896E-4	93418.38026261028	93431.68826602404	84074.48715957435	0.000 s
523	1.272809978734024E-4	93414.81389935402	93426.7038300833	84070.70417724848	0.000 s
524	1.1291762885878853E-4	93411.20679305115	93421.75456503106	84066.95177134214	0.000 s
525	1.359274544081579E-4	93416.8351682362	93429.53308083948	84072.93969196941	0.000 s
526	1.2087459083232055E-4	93413.2963634108	93424.58765738702	84069.1876991253	0.000 s
527	1.2074135917305995E-4	93408.39867962856	93419.67693664331	84065.46587123093	0.000 s
528	1.2948568687320972E-4	93415.30987555721	93427.40582112093	84071.41323084485	0.000 s
529	1.145530630322078E-4	93411.79822559986	93422.49883320996	84067.69175481031	0.000 s
530	1.286108795301999E-4	93405.61311096184	93417.62608901711	84064.00004040734	0.000 s
531	1.2342024108447092E-4	93413.78681352359	93425.31596561274	84069.91737243705	0.016 s
532	1.1189683457879518E-4	93409.99431261903	93420.44659530064	84066.22569755558	0.000 s
533	1.319547877591809E-4	93415.78165388975	93428.10831353125	84072.122653059	0.000 s
534	1.1714388827366307E-4	93412.29995068064	93423.24263070944	84068.43134798759	0.000 s
535	1.1961719823849748E-4	93407.23747066112	93418.41058270256	84064.76927931255	0.000 s
536	1.256438399039883E-4	93414.28720557931	93426.02413532572	84070.6268817204	0.000 s
537	1.1104355992253012E-4	93410.82300133875	93421.19567166011	84066.96512502142	0.000 s
538	1.2690329615638873E-4	93404.56019455205	93416.41354111678	84063.34535616732	0.000 s
539	1.1980548613377273E-4	93412.7883696263	93423.97973414804	84069.16432525129	0.000 s
540	1.1083923792076789E-4	93408.834245271	93419.18760927381	84065.53133412356	0.000 s
541	1.282302709981753E-4	93414.75742402388	93426.73602368358	84071.3400848418	0.000 s
542	1.1365289414144719E-4	93411.33097362885	93421.9474417396	84067.70742456018	0.000 s
543	1.206919695209141E-4	93405.9181319241	93417.19147614836	84064.1031152377	0.016 s
544	1.423870980479247E-4	93419.37977713486	93432.68149152276	84075.61863972041	0.000 s
545	1.2780037839288383E-4	93415.95281021821	93427.89140433529	84071.98116380557	0.000 s
546	1.1332128249130768E-4	93412.54812101144	93423.1337507653	84068.37189174202	0.000 s
547	1.2088797279408148E-4	93407.11646896433	93418.4082659188	84064.7905818763	0.000 s
548	1.2192616397999068E-4	93414.47301284496	93425.86268119962	84070.52752552171	0.000 s
549	1.075566888046886E-4	93411.09340038072	93421.14038828449	84066.94627792813	0.000 s
550	1.279267415230656E-4	93404.50092275423	93416.44985620087	84063.39263435242	0.000 s
551	1.1584538518327747E-4	93413.02780164698	93423.8492698338	84069.08292535492	0.000 s
552	1.122437368490381E-4	93408.67753619494	93419.16207521573	84065.5295311451	0.000 s
553	1.243766249485745E-4	93414.93554758822	93426.55418199142	84071.21975001406	0.000 s
554	1.1011985078579478E-4	93411.58367385354	93421.87014350937	84067.66643867937	0.000 s
555	1.193877100176266E-4	93406.06578544533	93417.2173217412	84064.14026201105	0.000 s
556	1.1833754467871493E-4	93413.50083231903	93424.55515664737	84069.78440753186	0.015 s
557	1.0418875521689408E-4	93410.17334517579	93419.90563486122	84066.25849802917	0.000 s
558	1.3218229223088684E-4	93402.94072313403	93415.28693793992	84062.7593788769	0.000 s
559	1.3236190716026108E-4	93417.99115512657	93430.35613859895	84073.95992477599	0.000 s
560	1.1820277351271002E-4	93414.66306676422	93425.70493902545	84070.42921517442	0.000 s
561	1.059972897401451E-4	93411.18306580342	93421.0843980398	84066.92516241081	0.000 s
562	1.2631785939154483E-4	93416.55121399369	93428.35139277478	84072.51851109772	0.000 s
563	1.1226510993500582E-4	93413.24713969544	93423.73418815497	84069.01481281631	0.000 s
564	1.1339515900643526E-4	93408.55518286236	93419.14726082988	84065.53743621199	0.000 s
565	1.206227053092146E-4	93415.11237974191	93426.38036331392	84071.10482088759	0.000 s
566	1.0667321330504187E-4	93411.83191982878	93421.79646010038	84067.62752514824	0.000 s
567	1.2036340884269414E-4	93405.99979711942	93417.24246166137	84064.1762239097	0.000 s
568	1.147248659809641E-4	93413.70655223624	93424.42342720123	84069.6993262558	0.000 s
569	1.0514345395051805E-4	93410.05113686717	93419.8725922774	84066.2482832007	0.000 s
570	1.2274112346832844E-4	93415.57160675735	93427.0375389658	84071.76217477566	0.000 s
571	1.0889948979841968E-4	93412.31736158206	93422.48991528363	84068.31145117193	0.000 s
572	1.1257912087092592E-4	93407.45596802582	93417.9716973015	84064.88629123638	0.000 s
573	1.1715432512260371E-4	93414.15980442186	93425.10367727064	84070.37493333395	0.000 s
574	1.0341289720039448E-4	93410.92847464707	93420.58836939081	84066.94982863816	0.000 s
575	1.2011157250069182E-4	93404.88310321304	93416.1021106018	84063.54997441574	0.000 s
576	1.3078882717088014E-4	93418.51533668736	93430.7334347443	84074.42706416016	0.000 s
577	1.1703769974524825E-4	93415.28345938472	93426.21656928185	84070.99746267528	0.000 s
578	1.0338248671293293E-4	93412.07142844705	93421.72860068033	84067.59298937202	0.000 s
579	1.2131337058485236E-4	93405.93791679757	93417.26930595891	84064.2134408302	0.000 s
580	1.1127457370840865E-4	93413.9053658909	93424.29995838892	84069.62057201071	0.000 s
581	1.0639676602153259E-4	93409.90518727363	93419.84369909993	84066.24127318185	0.000 s
582	1.1913269906638213E-4	93415.73013788206	93426.85900594865	84071.63958821866	0.015 s
583	1.0559092369022416E-4	93412.54231023864	93422.40582686543	84068.2605965895	0.000 s
584	1.1315872062223065E-4	93407.42311645752	93417.99298095399	84064.9182530979	0.000 s
585	1.1376918774996803E-4	93414.34040070133	93424.96807433291	84070.28375753715	0.000 s
586	1.0031285492639874E-4	93411.17546942228	93420.54581111565	84066.92925841786	0.000 s
587	1.2018451181305956E-4	93404.92559320646	93416.15141858981	84063.59898574385	0.000 s
588	1.08110946335227E-4	93412.98759456736	93423.0865610562	84068.9318756792	0.000 s
589	1.0548445249014549E-4	93408.84191408235	93418.69509462941	84065.60182484055	0.000 s
590	1.1587587561012747E-4	93414.79077912983	93425.6152998063	84070.92613630132	0.000 s
591	1.0251989826803865E-4	93411.65024984497	93421.22680272564	84067.5963626851	0.000 s
592	1.1265640113067299E-4	93406.34290470969	93416.8657271441	84064.29042774742	0.000 s
593	1.1051593381972147E-4	93413.43179300221	93423.75546564811	84069.59148488451	0.000 s
594	9.771905248090462E-5	93410.26911850672	93419.39708149698	84066.2855824556	0.016 s
