Iter. #	RelGap			SPTT			TSTT		Runtime
1	4.071806677051766E303	44149.76636768901	1.7976931348623157E308	0.016 s
2	0.9668128890514514	52621.151825283196	103495.9596467003	0.015 s
3	0.77856979823722	49619.006443933344	88250.86627971784	0.007 s
4	0.06881820336671596	58321.234243316256	62334.796802070676	0.000 s
5	0.02987679610780214	56541.550431789	58230.830805658574	0.000 s
6	0.03175811148996055	56952.8870395518	58761.60317582901	0.000 s
7	0.0478673595249286	56781.69693903145	59499.6868408476	0.000 s
8	0.08291820220200741	54825.30783548171	59371.323796371486	0.000 s
9	0.020213797735341377	57780.41181286059	58948.37337031049	0.016 s
10	0.018264922729029243	57686.28060333972	58739.91606108482	0.000 s
11	0.015879224938729397	57513.97124584301	58427.248532375364	0.016 s
12	0.01373755827745371	57480.630160592045	58270.27366724794	0.000 s
13	0.012302823385209605	57443.5795942042	58150.29780856593	0.000 s
14	0.011445963337502807	57320.26882525502	57976.3545207247	0.015 s
15	0.012865196080897423	57268.11605247574	58004.881594674436	0.000 s
16	0.010755188304409247	57400.56698785316	58017.92089458738	0.000 s
17	0.009699664059335866	57386.770970670776	57943.403370536325	0.016 s
18	0.008804697810828266	57377.0017157366	57882.18887713504	0.000 s
19	0.0080893577752712	57367.35671316686	57831.42178624128	0.000 s
20	0.0076478280236746965	57295.80913402408	57733.997628758385	0.000 s
21	0.007043523490484205	57295.11250760876	57698.67197844604	0.022 s
22	0.006592496771380629	57291.18732750144	57668.87929498655	0.000 s
23	0.006538622647075831	57220.93025264627	57595.07632308297	0.016 s
24	0.0070347158869117354	57232.34891462696	57634.96222878196	0.000 s
25	0.005930492498044337	57318.92787109432	57658.85734282979	0.000 s
26	0.005554652274351035	57315.67405561052	57634.042694859476	0.015 s
27	0.0053593711183141934	57264.81577839093	57571.719178169216	0.000 s
28	0.005022166884618429	57265.65238864743	57553.25005169977	0.000 s
29	0.004763922334358295	57264.403923013444	57537.20709582601	0.000 s
30	0.004600159171062046	57222.870795231975	57486.10510911516	0.016 s
31	0.0044809469737439045	57217.760740182144	57474.150492015266	0.000 s
32	0.004494194037779176	57292.01880462853	57549.50025395263	0.000 s
33	0.00425399141197369	57291.753426043535	57535.47205309484	0.000 s
34	0.004148767787267804	57252.79648499402	57490.325042781966	0.000 s
35	0.003927800819324867	57254.603387782365	57479.48806587901	0.016 s
36	0.0037596351362254588	57254.6535657961	57469.91017305448	0.000 s
37	0.0037134923970885136	57218.61905808147	57431.09996492556	0.000 s
38	0.003796832540461814	57277.240873713214	57494.71296569039	0.000 s
39	0.0036076228789032605	57278.11799701727	57484.755845963824	0.000 s
40	0.003438863648677737	57278.85762129025	57475.8318026019	0.000 s
41	0.0033754175328817304	57247.269283716494	57440.50272016635	0.016 s
42	0.0032169186447821296	57249.28548648426	57433.45178036619	0.000 s
43	0.0031919601228820316	57244.43037202761	57427.152311032216	0.000 s
44	0.0032960423450398846	57267.62360927149	57456.380121687456	0.006 s
45	0.0031464470891005014	57268.69464266283	57448.887560217816	0.000 s
46	0.0030061722189822504	57269.94743317935	57442.110758135546	0.000 s
47	0.002880440306386234	57271.01606989881	57435.98181297424	0.000 s
48	0.0028388277286690577	57244.47276450572	57406.97996110264	0.000 s
49	0.0027500907899833393	57244.63815542618	57402.06610759335	0.016 s
50	0.0028312388165732116	57287.64248327008	57449.83748037869	0.016 s
51	0.00271266818906879	57288.4838708877	57443.88851868424	0.000 s
52	0.002653010388451005	57286.47405428815	57438.45566507191	0.000 s
53	0.0026464154548579977	57260.425407351235	57411.960282101	0.015 s
54	0.0031647714094955592	57255.605537113544	57436.806440550754	0.000 s
55	0.002481512999772617	57275.901499457585	57418.03239360218	0.016 s
56	0.002438583739053257	57253.695603939326	57393.31353503979	0.000 s
57	0.002368620801067145	57253.609762011976	57389.22185303045	0.016 s
58	0.0024044018444264736	57256.45822163539	57394.12575538882	0.015 s
59	0.0023116971145904497	57257.788815679305	57390.15148087234	0.007 s
60	0.002237431459539474	57258.40572405668	57386.51748234676	0.010 s
61	0.0022390945309831434	57236.484938060734	57364.64283845824	0.008 s
62	0.0022973238495260784	57271.34466420788	57402.91549019939	0.002 s
63	0.00221175191194134	57272.2876765081	57398.95976827788	0.010 s
64	0.0021301538074685045	57273.311688703245	57395.31265166327	0.002 s
65	0.0021025778622336677	57271.53443462928	57391.95229506768	0.008 s
66	0.0020376199050045063	57254.86737979215	57371.53103722361	0.000 s
67	0.0020376313981442795	57252.08329894605	57368.74194148515	0.010 s
68	0.0021091081389270627	57266.18392808708	57386.964502695104	0.000 s
69	0.0020343919583125647	57267.12809609435	57383.63188096869	0.002 s
70	0.001962873656363495	57268.13707926997	57380.54719689188	0.000 s
71	0.0018943799917030546	57269.20461526196	57377.694250625864	0.008 s
72	0.0018752000643886824	57267.66968849969	57375.05802638696	0.002 s
73	0.0019347114058969606	57246.181668415156	57356.93650903309	0.008 s
74	0.002063214295774607	57291.788658779784	57409.99389617108	0.000 s
75	0.0019123321026590645	57287.741527663035	57397.294714875214	0.010 s
76	0.0018474097688940816	57288.27419290087	57394.10911028792	0.021 s
77	0.001823712512815101	57286.65867402828	57391.13307026947	0.010 s
78	0.0017746510895346734	57272.08016926702	57373.718128739325	0.010 s
79	0.0017230522871627407	57272.48246957791	57371.165951488605	0.010 s
80	0.001707466979783856	57256.84961506744	57354.613795151614	0.002 s
81	0.0016512923341409635	57257.891514698356	57352.44103202566	0.000 s
82	0.0016238837707314158	57257.446941049464	57350.42637989055	0.010 s
83	0.0017157323303758076	57266.986985822114	57365.241806856895	0.020 s
84	0.0016604049816968391	57267.7686338138	57362.85632214405	0.002 s
85	0.0016070673767052401	57268.59352672118	57360.62801508777	0.000 s
86	0.0015633066650941885	57269.01924877645	57358.548288271464	0.020 s
87	0.0015503110110501872	57254.7868555257	57343.54958202315	0.010 s
88	0.0015012128344944475	57255.821565827864	57341.774740012006	0.141 s
89	0.0015440059068807521	57251.72987396069	57340.12688306523	0.000 s
90	0.0015619999535891882	57264.17604036957	57353.62268068695	0.000 s
91	0.0015134723676850648	57264.98477810108	57351.65375019864	0.008 s
92	0.0014665701212164262	57265.827372269254	57349.81172366016	0.002 s
93	0.0014292096395023268	57266.24464465694	57348.090113521175	0.000 s
94	0.0014179153649960252	57253.19661222303	57334.37679939464	0.000 s
95	0.0014149181831186741	57251.898396024415	57332.90514808302	0.000 s
96	0.00143567976629555	57275.09295729707	57357.321649368554	0.008 s
97	0.001392203378002277	57275.80145945448	57355.54102372412	0.002 s
98	0.0013824106201689723	57274.69196927518	57353.86911172042	0.000 s
99	0.0013470982363088524	57263.59090257874	57340.73058488831	0.000 s
100	0.0013150592192623378	57263.9808788044	57339.286404790735	0.008 s
101	0.0013694346390218382	57248.25665849406	57326.654404185814	0.002 s
102	0.0015205628214749467	57278.16677375664	57365.261824635054	0.024 s
103	0.0013814522780777327	57276.958385192585	57356.08376983517	0.002 s
104	0.0013408675663320047	57277.51735833098	57354.31892363679	0.002 s
105	0.001305646720419329	57277.86782027574	57352.65248054789	0.002 s
106	0.0012988655833665597	57265.972055690334	57340.352855891506	0.002 s
107	0.0012609707402100323	57266.680278418724	57338.89188663877	0.002 s
108	0.001238075525796356	57266.61700775914	57337.51740472159	0.001 s
109	0.0012228888487213485	57255.749693775404	57325.767111601104	0.002 s
110	0.0012088349881749227	57255.36268375585	57324.57496942862	0.002 s
111	0.001267509316704274	57266.988616179675	57339.57505779028	0.002 s
112	0.0012314464303242456	57267.65220567509	57338.174251556826	0.002 s
113	0.0011963884199202024	57268.337570644275	57336.852746541874	0.001 s
114	0.001177767110717154	57268.15863662775	57335.6071903613	0.001 s
115	0.001161496530918571	57257.99778594237	57324.50275173808	0.001 s
116	0.001149338045249193	57257.60995399556	57323.41830349573	0.000 s
117	0.001179325573014145	57275.829329784596	57343.376180028805	0.000 s
118	0.0011527297512903267	57276.05742659537	57342.08124202762	0.007 s
119	0.001145345228220851	57265.68231814768	57331.27129413158	0.013 s
120	0.0011134298859700742	57266.36881077492	57330.130897269824	0.000 s
121	0.0010977926152673234	57266.18906040375	57329.05545985876	0.008 s
122	0.0011472625760051702	57252.987674853925	57318.67188497777	0.002 s
123	0.0013591936869350452	57252.782597091646	57330.60021775708	0.000 s
124	0.001114065944509468	57270.40307447224	57334.20608016584	0.000 s
125	0.0010868263618646345	57270.79636823901	57333.03977949699	0.010 s
126	0.0010831255824970132	57260.87771919808	57322.89844073197	0.000 s
127	0.0010534705958720192	57261.54516541855	57321.86851952452	0.000 s
128	0.001036400774828028	57261.55013774098	57320.8960526716	0.002 s
129	0.0010348456725988164	57251.88636753541	57311.13323439097	0.000 s
130	0.0010705840003901734	57267.79966130093	57329.109651355866	0.000 s
131	0.0010417512270612939	57268.37633970522	57328.03574102891	0.008 s
132	0.0010175023971055186	57268.74627632432	57327.0173629397	0.002 s
133	0.0010139451533279775	57259.42494647174	57317.48286287856	0.000 s
134	9.8664048806274E-4	57260.08826790135	57316.58338933651	0.000 s
135	9.961711232906456E-4	57258.69446610673	57315.73392409119	0.000 s
136	0.0010312155921188282	57265.47962217178	57324.53267764832	0.008 s
137	0.001003972820052157	57266.04523686028	57323.53878978996	0.000 s
138	9.773629894878066E-4	57266.6248968146	57322.59517652163	0.002 s
139	9.557745625721203E-4	57266.96576272567	57321.70007187736	0.000 s
140	9.522161748403146E-4	57258.18110258085	57312.70326876866	0.000 s
141	9.328696096995159E-4	57258.497987263705	57311.91269993306	0.008 s
142	9.69061368111479E-4	57272.83635348843	57328.33724664076	0.000 s
143	9.436904317874362E-4	57273.3536283523	57327.40194416775	0.000 s
144	9.399049769764911E-4	57272.68121641388	57326.51209453397	0.000 s
145	9.196716975254926E-4	57265.099189597604	57317.76428057827	0.000 s
146	9.004659740889931E-4	57265.407332446026	57316.97288324124	0.008 s
147	8.968014230781307E-4	57257.1076083926	57308.45586397714	0.002 s
148	9.17726466316271E-4	57255.2124299544	57307.757053735935	0.000 s
149	9.132048797992898E-4	57271.06401894521	57323.36423407861	0.000 s
150	8.896067490336002E-4	57271.58390066687	57322.53308823275	0.000 s
151	8.872555978274299E-4	57270.92818390594	57321.74213552988	0.000 s
152	9.069985312462059E-4	57261.51151694041	57313.44762378321	0.000 s
153	0.0011008884264191998	57260.156105244096	57323.193148395316	0.020 s
154	8.966051172343281E-4	57274.625210188686	57325.977932239824	0.000 s
155	8.845820099760981E-4	57274.46073090199	57325.12468849563	0.000 s
156	8.74595750537166E-4	57266.89982180895	57316.985209039536	0.010 s
157	8.522781523392364E-4	57267.41059901004	57316.21836190463	0.000 s
158	8.480266837611605E-4	57266.924101337565	57315.48798107242	0.000 s
159	8.318125889181793E-4	57259.96464931805	57307.594208754366	0.000 s
160	8.289565176304858E-4	57259.47778777365	57306.94340508194	0.000 s
161	8.867439022137713E-4	57259.30203449087	57310.07637141498	0.008 s
162	8.647638022378779E-4	57259.817780359546	57309.333998098744	0.002 s
163	8.432216604452591E-4	57260.343111463386	57308.6262730595	0.000 s
164	8.221069053024888E-4	57260.87758969909	57307.95215256926	0.000 s
165	8.014092735946221E-4	57261.42079331471	57307.31062695768	0.000 s
166	8.082256477450755E-4	57260.421378193794	57306.70071935234	0.000 s
167	8.436519785812724E-4	57265.50315037051	57313.81530540777	0.008 s
168	8.793620415668002E-4	57272.2789490649	57322.64201720673	0.002 s
169	8.351455164037347E-4	57269.37788073378	57317.206144898104	0.000 s
170	8.145951541582708E-4	57269.8152940347	57316.467008052765	0.000 s
171	7.961676356644798E-4	57270.16300530859	57315.759655582646	0.008 s
172	7.957852306816893E-4	57262.88204692819	57308.4510027274	0.000 s
173	7.76087442104112E-4	57263.37151779638	57307.81290132389	0.010 s
174	7.648196493272863E-4	57263.40791392804	57307.20409348805	0.000 s
175	7.585038676611866E-4	57256.66564110134	57300.0950434395	0.000 s
176	7.760184889702426E-4	57255.11945630672	57299.55048759301	0.008 s
177	7.73175563366868E-4	57268.38294925057	57312.66146350046	0.000 s
178	7.56425100349567E-4	57268.70349652141	57312.022981310656	0.000 s
179	7.557772517678973E-4	57261.75811024693	57305.035244422885	0.000 s
180	7.372090680524135E-4	57262.24519173263	57304.459438145015	0.002 s
181	7.287839658802753E-4	57262.178341904444	57303.9100993314	0.000 s
182	7.720536623161411E-4	57266.22192741476	57310.43452378082	0.000 s
183	7.534705260527907E-4	57266.65483620903	57309.80357275376	0.010 s
184	7.352192609579866E-4	57267.09538501433	57309.1992565605	0.000 s
185	7.200181088564683E-4	57267.38730575452	57308.62086166156	0.000 s
186	7.190702545352146E-4	57260.75224922482	57301.92675291955	0.021 s
187	7.015178144393897E-4	57261.235563842245	57301.405340667094	0.000 s
188	7.248507872279486E-4	57259.40342850402	57300.90795215537	0.010 s
189	7.351590955049225E-4	57265.060706775475	57307.159637008706	0.002 s
190	7.17584104959812E-4	57265.493372246056	57306.586180052655	0.008 s
191	7.003124856790333E-4	57265.932870754026	57306.03691854747	0.002 s
192	6.865473094361807E-4	57266.195272649165	57305.511224935246	0.000 s
193	6.852747430496908E-4	57259.84808697403	57299.0868146589	0.018 s
194	6.87040086184032E-4	57259.27372676269	57298.61314311876	0.000 s
195	6.994150959409584E-4	57270.4603073744	57310.51613186487	0.000 s
196	6.827003679477084E-4	57270.865623918166	57309.964464952296	0.000 s
197	6.816155018642966E-4	57270.39893692393	57309.435328637286	0.000 s
198	6.681044834471184E-4	57264.878988906545	57303.137911303085	0.000 s
199	6.556742244079317E-4	57265.1114086788	57302.658666187315	0.008 s
200	6.953645820888532E-4	57256.66859272001	57296.48285214778	0.002 s
201	7.507327108937645E-4	57273.00144501937	57315.99816065521	0.000 s
202	6.987097724462377E-4	57271.396732604866	57311.412817183584	0.000 s
203	6.82384968483829E-4	57271.761306090586	57310.84269512446	0.002 s
204	6.675628571990444E-4	57272.06151354108	57310.29421456273	0.000 s
205	6.680250362993689E-4	57265.94069474471	57304.19577685604	0.008 s
206	6.522716090697767E-4	57266.341778518065	57303.69498741548	0.002 s
207	6.433455020087298E-4	57266.372338038986	57303.21440109902	0.000 s
208	6.387314992948312E-4	57260.681462054716	57297.255662975615	0.000 s
209	6.240459413984212E-4	57261.086305712975	57296.819854222114	0.008 s
210	6.521928567346791E-4	57270.52456938256	57307.87599640816	0.002 s
211	6.385971665519019E-4	57270.79998997794	57307.3729605777	0.000 s
212	6.387365999829253E-4	57264.92212790694	57301.49932956521	0.000 s
213	6.23732546846334E-4	57265.32192914733	57301.040174240174	0.008 s
214	6.158445347619335E-4	57265.3330366725	57300.599579054455	0.000 s
215	6.110269328742923E-4	57259.86833893443	57294.85566066235	0.010 s
216	6.235667248972732E-4	57258.751694976454	57294.456347242594	0.010 s
217	6.241528870094548E-4	57269.3911030315	57305.13595882573	0.008 s
218	6.117090769810485E-4	57269.64107490637	57304.67343418734	0.002 s
219	6.115120628864545E-4	57263.9908372231	57299.008458389086	0.021 s
220	5.971937091098223E-4	57264.38850453404	57298.58643710497	0.030 s
221	5.902809812332599E-4	57264.37944773414	57298.18152182426	0.000 s
222	6.006254960861934E-4	57258.24654656983	57292.6373093069	0.010 s
223	6.121812011181671E-4	57267.98285755865	57303.04124009	0.028 s
224	5.980448142564043E-4	57268.34908432069	57302.5981235116	0.050 s
225	5.86685087139438E-4	57268.573229805035	57302.171847680715	0.000 s
226	5.861424661497416E-4	57263.136709597355	57296.70106576778	0.008 s
227	5.724536104061428E-4	57263.53157159143	57296.3122869842	0.000 s
228	5.903051332927234E-4	57262.13718795093	57295.93932147629	0.011 s
229	6.239118989339598E-4	57265.34739669617	57301.07592833356	0.020 s
230	6.936964841699478E-4	57267.907008385635	57307.63355413312	0.000 s
231	6.005225520577806E-4	57269.201580210305	57303.59302729756	0.010 s
232	5.868544383365037E-4	57269.540676247285	57303.14956037464	0.000 s
233	5.785895861289969E-4	57269.58643807792	57302.7220243929	0.008 s
234	5.753055089925407E-4	57264.477381329314	57297.42195063637	0.010 s
235	5.686750543669739E-4	57264.46501251028	57297.02988526456	0.008 s
236	5.752157610297015E-4	57265.11388554422	57298.05368160835	0.000 s
237	5.620631362619477E-4	57265.47523297961	57297.662045588586	0.010 s
238	5.541732102105623E-4	57265.550151822055	57297.28518558416	0.000 s
239	5.51177205063702E-4	57260.574154938775	57292.134878161836	0.008 s
240	5.627490183341965E-4	57259.5682892708	57291.79105511582	0.014 s
241	5.633397903697102E-4	57269.13509568329	57301.39707824275	0.106 s
242	5.513373947245714E-4	57269.42707919524	57301.001855918454	0.002 s
243	5.524904944962383E-4	57264.27707784853	57295.91504660824	0.001 s
244	5.398754035284004E-4	57264.63654168768	57295.55231044853	0.045 s
245	5.328544541314262E-4	57264.68956225376	57295.20330715147	0.000 s
246	5.434386323674989E-4	57259.097369805124	57290.21417537037	0.000 s
247	5.539288374132312E-4	57267.87428019832	57299.59660721948	0.000 s
248	5.414533286320911E-4	57268.20809965269	57299.21616155305	0.010 s
249	5.30409176697999E-4	57268.47353801814	57298.84926191819	0.000 s
250	5.63502867583443E-4	57261.65252219504	57293.91962759387	0.000 s
251	6.421085213288436E-4	57263.19254333264	57299.96172722321	0.000 s
252	5.314987397095905E-4	57265.837332595795	57296.27405296648	0.000 s
253	5.271225719165606E-4	57265.735293448415	57295.921355119	0.008 s
254	5.214542771387887E-4	57261.21537651119	57291.07448218344	0.002 s
255	5.188827076758606E-4	57261.039316907896	57290.751080032984	0.000 s
256	5.330791912261379E-4	57269.268647686826	57299.79770309965	0.000 s
257	5.247912916688247E-4	57269.374315694266	57299.428784614465	0.008 s
258	5.230624802770034E-4	57264.685285659536	57294.63829397734	0.000 s
259	5.112901843347117E-4	57265.01916518413	57294.29820738902	0.000 s
260	5.076128796706048E-4	57264.901915328075	57293.97031709337	0.000 s
261	5.017544080483383E-4	57260.53591818108	57289.26664448524	0.008 s
262	5.212562559402389E-4	57259.119494830025	57288.96616907634	0.000 s
263	5.131221186338575E-4	57268.37339765653	57297.75906674505	0.000 s
264	5.05615154648531E-4	57268.459531335626	57297.41533235805	0.000 s
265	5.036056703537906E-4	57263.92623987084	57292.764677831954	0.142 s
266	4.92271089848062E-4	57264.25840685426	57292.44794574954	0.010 s
267	4.9664514899872E-4	57263.70288033416	57292.142620583385	0.010 s
268	5.16911395731734E-4	57266.92069808531	57296.52262199262	0.000 s
269	5.055459320133515E-4	57267.22787885515	57296.179092946986	0.010 s
270	4.943227242375503E-4	57267.53840033846	57295.84704593089	0.020 s
271	4.8756069670186086E-4	57267.604833804384	57295.5262671156	0.000 s
272	4.852671164139455E-4	57263.21947008474	57291.00742747357	0.000 s
273	4.743405776415077E-4	57263.54956321859	57290.711988396215	0.008 s
274	5.000931084220284E-4	57261.79101278642	57290.42723984782	0.002 s
275	4.983662908939479E-4	57266.142489655474	57294.682004681854	0.000 s
276	4.8740826993198816E-4	57266.448727351155	57294.360868050506	0.000 s
277	4.765842101512874E-4	57266.75806303638	57294.05049569578	0.000 s
278	4.7053358636617304E-4	57266.80473657321	57293.75069158565	0.000 s
279	4.904089798853928E-4	57261.274877712945	57289.35632111267	0.000 s
280	6.17599243364797E-4	57259.455550630635	57294.81894705419	0.002 s
281	4.868919565186314E-4	57268.410876740665	57296.29440535915	0.000 s
282	4.762004536935649E-4	57268.70106067264	57295.972442100174	0.000 s
283	4.7919243602945194E-4	57268.21836302201	57295.66086008646	0.000 s
284	4.89049709468059E-4	57264.4755234138	57292.48069853136	0.000 s
285	4.784404414241994E-4	57264.7745930468	57292.17237708116	0.008 s
286	4.679569734296063E-4	57265.076572195474	57291.87416411142	0.002 s
287	4.5759754294460997E-4	57265.38138329464	57291.585881111416	0.000 s
288	4.6048783760621603E-4	57264.93754567831	57291.30735293937	0.010 s
289	4.805694293119611E-4	57267.83779715187	57295.35896927997	0.000 s
290	4.701809267402268E-4	57268.121201792346	57295.04758009168	0.000 s
291	4.599136725313979E-4	57268.407483182884	57294.746006788504	0.000 s
292	4.573476078695293E-4	57268.26257647452	57294.45407937071	0.000 s
293	4.5172676076044027E-4	57264.39244160026	57290.26030010483	0.008 s
294	4.4171221916688985E-4	57264.69562522193	57289.99014100646	0.000 s
295	4.6449419967253824E-4	57263.13077510805	57289.72916720818	0.002 s
296	4.6721324512755125E-4	57266.91749922027	57293.673361583526	0.000 s
297	5.167196867852386E-4	57269.20977331288	57298.801901449384	0.000 s
298	4.653204524287524E-4	57269.05027149407	57295.69873187656	0.000 s
299	4.55297732356863E-4	57269.32013068181	57295.394722270925	0.000 s
300	4.5484651024496614E-4	57269.05133856271	57295.099966709095	0.008 s
301	4.4726529181393637E-4	57265.394229235426	57291.0070524962	0.002 s
302	4.3930598369490426E-4	57265.576060210326	57290.73317043331	0.000 s
303	4.394507879537102E-4	57261.52878903368	57286.69241297946	0.000 s
304	4.3242238834229063E-4	57261.67755311899	57286.43878448699	0.000 s
305	4.495852382147003E-4	57268.27919409278	57294.026167036405	0.000 s
306	4.398854701039845E-4	57268.548727888745	57293.740330368084	0.000 s
307	4.3991058706494E-4	57268.27030492823	57293.463223338265	0.002 s
308	4.3219799416416294E-4	57264.72319470305	57289.47289320417	0.000 s
309	4.2489049383820365E-4	57264.88421528129	57289.215520215104	0.000 s
310	4.2471577705494035E-4	57260.95519111982	57285.27482219873	0.000 s
311	4.363533432791833E-4	57260.05099487247	57285.036609560426	0.000 s
312	4.346515362356751E-4	57267.553245394665	57292.44467538924	0.008 s
313	4.252555869128649E-4	57267.82214627691	57292.17560759494	0.002 s
314	4.2573984275051657E-4	57267.53371681371	57291.914787613016	0.000 s
315	4.178894851103454E-4	57264.09190323274	57288.02196511349	0.000 s
316	4.124550107955649E-4	57264.16093956235	57287.779829680876	0.000 s
317	4.3897603821352327E-4	57266.33972992141	57291.478280859046	0.000 s
318	4.2966846945891035E-4	57266.60307317078	57291.20872686434	0.002 s
319	4.204604769859621E-4	57266.868775551666	57290.947230512524	0.000 s
320	4.113508068572802E-4	57267.13678105029	57290.69366397158	0.000 s
321	4.1227790653652896E-4	57266.83804947012	57290.44790157512	0.000 s
322	4.042846291691937E-4	57263.49712899864	57286.647880700366	0.000 s
323	4.171747710497442E-4	57262.53135078121	57286.419834187196	0.009 s
324	4.249194183167937E-4	57265.69526843798	57290.02857436095	0.002 s
325	4.1589175685796675E-4	57265.95778027046	57289.77422005985	0.000 s
326	4.06958757308562E-4	57266.22250535815	57289.52749610469	0.000 s
327	3.9811925255572866E-4	57266.48939176704	57289.28828372018	0.000 s
328	3.9947374419591064E-4	57266.18013070932	57289.05646610193	0.000 s
329	4.245988761288899E-4	57261.03190615628	57285.34487594962	0.008 s
330	4.7504706638168415E-4	57270.01567106726	57297.22162400344	0.002 s
331	4.198263378676348E-4	57270.371776745174	57294.415387196525	0.000 s
332	4.109753624172985E-4	57270.61192111515	57294.148731605295	0.000 s
333	4.1062624907883816E-4	57270.372803451675	57293.88952181931	0.000 s
334	4.0401732654182787E-4	57267.06877326438	57290.205661289045	0.000 s
335	3.9689574738899225E-4	57267.234189171715	57289.96331088613	0.000 s
336	3.972329240280459E-4	57263.57479270619	57286.321769961396	0.002 s
337	3.886729938573641E-4	57263.83891895842	57286.09582667082	0.000 s
338	4.011314819347689E-4	57262.906868273836	57285.8768229658	0.000 s
339	4.1456576364495845E-4	57263.45409019229	57287.19355776614	0.000 s
340	4.059407885663724E-4	57263.70828544001	57286.95396033763	0.008 s
341	3.9740239463026406E-4	57263.96450077294	57286.721337391566	0.002 s
342	3.889495608879745E-4	57264.222690711926	57286.49558498207	0.000 s
343	3.8058128083640064E-4	57264.48281059879	57286.27660081328	0.000 s
344	3.916813599729174E-4	57263.63518570338	57286.064284209904	0.000 s
345	4.057270242132649E-4	57266.21265583017	57289.44710587898	0.000 s
346	4.3350089066884756E-4	57269.03644185335	57293.862620158645	0.030 s
347	4.0156321890361113E-4	57268.212613025586	57291.209420823325	0.030 s
348	3.931822728218126E-4	57268.44821657543	57290.965155206206	0.020 s
349	3.8900818360931844E-4	57268.44970875013	57290.72760434945	0.010 s
350	3.8667402361936E-4	57265.081821029555	57287.22474063018	0.002 s
351	3.7846678865127714E-4	57265.32938545329	57287.002410766865	0.000 s
352	3.77637342808379E-4	57265.161062488914	57286.78652574805	0.008 s
353	3.722041372482554E-4	57262.01726719718	57283.330426931214	0.002 s
354	3.858251995889628E-4	57261.036454154084	57283.12920497268	0.003 s
355	3.9107275337602054E-4	57264.02544200147	57286.41984210046	0.002 s
356	3.829318166024276E-4	57264.26840323264	57286.196713558704	0.003 s
357	3.7486918400708724E-4	57264.513197467546	57285.97989880244	0.002 s
358	3.6688397251527505E-4	57264.7597852177	57285.76930777283	0.001 s
359	3.699343554552925E-4	57264.38078997983	57285.56485177792	0.002 s
360	3.8556678896339847E-4	57266.72785224565	57288.80800061808	0.001 s
361	3.775585426113448E-4	57266.9606394771	57288.58226967593	0.001 s
362	3.696263442840575E-4	57267.1952441565	57288.362708182	0.004 s
363	3.663879788848856E-4	57267.16722785909	57288.14922951617	0.002 s
364	3.635848338985337E-4	57263.97370851207	57284.79402088126	0.001 s
365	3.5581046235333424E-4	57264.21917249021	57284.59438079027	0.001 s
366	3.748597297139611E-4	57262.935019070625	57284.40058741451	0.001 s
367	3.7413820176857016E-4	57266.14906898246	57287.574523017334	0.001 s
368	3.663408660365963E-4	57266.38120057923	57287.360216263034	0.002 s
369	3.5861627102051763E-4	57266.61505003348	57287.15178997669	0.002 s
370	3.5582405831746655E-4	57266.57233879355	57286.94916296907	0.002 s
371	3.527878481208724E-4	57263.461301258176	57283.66315454659	0.006 s
372	3.574387110079069E-4	57263.005728969074	57283.47374392528	0.003 s
373	3.6143895503060186E-4	57268.965827228945	57289.66506239322	0.002 s
374	3.5593282108359325E-4	57269.070024708	57289.45396636273	0.002 s
375	3.5580400157986247E-4	57265.81840662315	57286.19381396597	0.001 s
376	4.368373159957528E-4	57265.27180543293	57290.28741306818	0.008 s
377	3.572380390151064E-4	57267.36407248667	57287.822153327485	0.002 s
378	3.561041150301758E-4	57267.22348771022	57287.616581650545	0.001 s
379	3.5147820396974616E-4	57264.265602983396	57284.39274420918	0.003 s
380	3.469714208250707E-4	57264.330881145885	57284.199967394314	0.019 s
381	3.613517090352847E-4	57261.14688797839	57281.83830126768	0.069 s
382	3.5388067704200665E-4	57261.383298307206	57281.646995397175	0.003 s
383	3.464768806429319E-4	57261.62123706612	57281.46106497289	0.002 s
384	3.5202748104157244E-4	57261.12294920517	57281.28043807859	0.001 s
385	3.548177344505632E-4	57266.95942797458	57287.278760777685	0.001 s
386	3.474518149519934E-4	57267.18020706105	57287.07779276117	0.001 s
387	3.438218081426303E-4	57267.19243397363	57286.88214362353	0.013 s
388	3.41905552970756E-4	57264.15973092594	57283.73866512414	0.023 s
389	3.346773364916178E-4	57264.39004645561	57283.55513999218	0.010 s
390	3.51974216115547E-4	57263.22156205507	57283.376739576626	0.009 s
391	3.5193559334034674E-4	57266.19906400731	57286.35307775325	0.003 s
392	3.446862889762148E-4	57266.417636579965	57286.156585558085	0.001 s
393	3.3750069093430035E-4	57266.63771668883	57285.96524648569	0.002 s
394	3.3429694030706614E-4	57266.63493275984	57285.77899359954	0.001 s
395	3.3964725030410925E-4	57263.24703578125	57282.69634018044	0.006 s
396	4.119082596363288E-4	57262.998683874524	57286.585786003954	0.030 s
397	3.4644163030606023E-4	57267.79630490628	57287.63625362219	0.012 s
398	3.394259976103875E-4	57268.00011293631	57287.43836100579	0.000 s
399	3.409962696880875E-4	57264.849806443905	57284.376906612146	0.000 s
400	3.3393265490655466E-4	57265.06792459921	57284.19060076467	0.010 s
401	3.2986653257482956E-4	57265.119360355595	57284.00920671647	0.010 s
402	3.2867206608155897E-4	57262.16311047775	57280.98358393557	0.008 s
403	3.361220342958937E-4	57261.566528323834	57280.8134025523	0.002 s
404	3.3667621356348043E-4	57267.24616132563	57286.52668092443	0.000 s
405	3.3012236721718935E-4	57267.43276394971	57286.3380244182	0.000 s
406	3.3140739203663117E-4	57264.35653406964	57283.33436512525	0.008 s
407	3.2451050827608796E-4	57264.57386102003	57283.15681698988	0.002 s
408	3.2085937608550275E-4	57264.61008604266	57282.983973106646	0.000 s
409	3.2766124407501707E-4	57261.25251648722	57280.01480972407	0.010 s
410	3.341546555355457E-4	57266.51244285912	57285.648314598184	0.000 s
411	3.2729656801500084E-4	57266.72047347687	57285.46367454931	0.000 s
412	3.2119166573663094E-4	57266.890056567274	57285.283704376096	0.008 s
413	3.2219502974450975E-4	57263.885531419684	57282.33567072177	0.002 s
414	3.154574949559841E-4	57264.10196916333	57282.166359321425	0.000 s
415	3.2521532355556104E-4	57263.37862911577	57282.001557324525	0.000 s
416	3.3173836724476047E-4	57265.80427202103	57284.80153642919	0.010 s
417	3.2498155213711577E-4	57266.01033598978	57284.62073291346	0.000 s
418	3.1828070909689643E-4	57266.2177302878	57284.44446267429	0.020 s
419	3.1261242522750976E-4	57266.37049129745	57284.27267026072	0.000 s
420	3.1333784680209753E-4	57263.43541213966	57281.378213692195	0.000 s
421	3.1380558373972356E-4	57263.24713031398	57281.21665700654	0.000 s
422	3.21111312973521E-4	57268.298297513255	57286.68779597133	0.010 s
423	3.145013046663703E-4	57268.4982496766	57286.50926709241	0.008 s
424	3.14566090136692E-4	57268.32045880537	57286.335130460786	0.002 s
425	3.121006473232324E-4	57265.59385514654	57283.46648405808	0.000 s
426	3.9032183429910106E-4	57264.73770810406	57287.08938556695	0.010 s
427	3.1372764218651206E-4	57266.94757565293	57284.91380009105	0.000 s
428	3.1298287523928714E-4	57264.14496360069	57282.06766033951	0.010 s
429	3.064959810141765E-4	57264.351944908085	57281.903238634586	0.008 s
430	3.138425311093318E-4	57263.771220749324	57281.74302765011	0.002 s
431	3.2685671802479277E-4	57264.039845977015	57282.75698210191	0.000 s
432	3.2032775043799866E-4	57264.24071668852	57282.58404209783	0.008 s
433	3.138510285045637E-4	57264.44282640484	57282.41533068265	0.002 s
434	3.074260647126792E-4	57264.6461530641	57282.2507978781	0.000 s
435	3.010523770037299E-4	57264.85067491863	57282.09039433308	0.010 s
436	3.095270000028627E-4	57264.20925241703	57281.93407131447	0.000 s
437	3.165858405487221E-4	57266.466333061515	57284.59608544082	0.000 s
438	3.10194234600214E-4	57266.66147763585	57284.42526586101	0.002 s
439	3.0385316698944287E-4	57266.857831352245	57284.258547467834	0.000 s
440	3.0086874802193186E-4	57266.86607215878	57284.095882457055	0.008 s
441	2.9920083248358154E-4	57264.20483638037	57281.33833413893	0.002 s
442	2.96474250718326E-4	57264.20758675043	57281.18494978769	0.008 s
443	3.0665898412363113E-4	57268.83321131127	57286.3952135258	0.000 s
444	3.0139122354699843E-4	57268.96606208114	57286.22642583387	0.000 s
445	3.10827613800857E-4	57265.687343990714	57283.48710094051	0.010 s
446	3.4524337455366094E-4	57267.165155339506	57286.93626468886	0.000 s
447	3.037459862365033E-4	57267.47936422979	57284.87413122856	0.009 s
448	3.0215352643780946E-4	57267.405545109694	57284.7090936451	0.008 s
449	2.99132699110638E-4	57264.865649964915	57281.995443791	0.002 s
450	2.929839301182291E-4	57265.06169590757	57281.83943874171	0.000 s
451	2.951241790429826E-4	57264.78703316257	57281.6872564238	0.000 s
452	3.080217452926526E-4	57266.62259934647	57284.26196438653	0.000 s
453	3.018561710343981E-4	57266.80990903998	57284.09624900648	0.000 s
454	2.957377929924121E-4	57266.998359044985	57283.934374750985	0.008 s
455	2.9447170480767504E-4	57266.912812888346	57283.77629833343	0.002 s
456	2.9125718421219027E-4	57264.42947411584	57281.10815059999	0.000 s
457	2.8523643503231E-4	57264.624818054726	57280.958775491286	0.010 s
458	3.0016273014554784E-4	57263.62467367504	57280.813079595115	0.000 s
459	3.000436020579311E-4	57266.16161387303	57283.343959279686	0.000 s
460	2.940061785099424E-4	57266.34845853589	57283.185118803405	0.030 s
461	2.880143151056114E-4	57266.536393351635	57283.02997560943	0.000 s
462	2.870670371808437E-4	57266.43918156227	57282.87848858802	0.000 s
463	2.8366017136893795E-4	57264.01080345217	57280.25432256995	0.010 s
464	2.8607458190132995E-4	57263.729525915645	57280.111223397886	0.000 s
465	2.9830422551202496E-4	57265.53351905598	57282.61606968091	0.000 s
466	2.923455389067797E-4	57265.718763645644	57282.46014105849	0.008 s
467	2.864312443588979E-4	57265.90506877834	57282.30781322652	0.002 s
468	2.8056095717077234E-4	57266.092416946405	57282.15904664833	0.000 s
469	2.7992517244279647E-4	57265.98361190981	57282.013802247486	0.000 s
470	2.7928783099295806E-4	57263.43919140888	57279.43217313584	0.000 s
471	2.8920459909920204E-4	57267.77110859107	57284.33321137583	0.000 s
472	2.833615016624158E-4	57267.9514285485	57284.17896126243	0.002 s
473	2.8056114742103233E-4	57267.96104685967	57284.02821172144	0.000 s
474	2.8358536562000936E-4	57265.22297108471	57281.46255027827	0.000 s
475	3.4283722679218087E-4	57265.08168538398	57284.71428718103	0.000 s
476	2.808594288619126E-4	57266.685882469865	57282.76977115963	0.000 s
477	2.81486565103517E-4	57266.50244518717	57282.62219625596	0.010 s
478	2.766558508411343E-4	57264.236586861516	57280.07907295722	0.000 s
479	2.7329868164072124E-4	57264.28913286157	57279.93938758668	0.000 s
480	2.908580775027314E-4	57265.71056974874	57282.36676423188	0.000 s
481	2.850962951841396E-4	57265.88876139286	57282.215054119166	0.000 s
482	2.793761458093069E-4	57266.067956994055	57282.066730345534	0.008 s
483	2.736972796906212E-4	57266.24814056003	57281.92175689419	0.000 s
484	2.7459826323106284E-4	57266.05493892638	57281.780098154704	0.000 s
485	2.696069108274468E-4	57263.838248038955	57279.27697457113	0.000 s
486	2.7837092436322486E-4	57263.20252345514	57279.14293407359	0.009 s
487	2.836031216140178E-4	57265.29070539898	57281.531320603164	0.000 s
488	2.779537698707202E-4	57265.46842849001	57281.38558132312	0.000 s
489	2.723446925665396E-4	57265.647113923056	57281.24310898092	0.000 s
490	2.667755561620577E-4	57265.8267464876	57281.10386926697	0.008 s
491	2.679446782780648E-4	57265.62380910579	57280.96782825371	0.002 s
492	2.7022992055569794E-4	57263.0292654763	57278.50344932549	0.000 s
493	2.750834528677526E-4	57267.43025616851	57283.18357862024	0.000 s
494	2.695386213640294E-4	57267.60346948771	57283.03930037569	0.000 s
495	2.6862654148973597E-4	57267.51462788353	57282.89820227773	0.008 s
496	2.65546046410714E-4	57265.2418231483	57280.4483817112	0.002 s
497	2.6008644799779823E-4	57265.42063048678	57280.31459033166	0.000 s
498	2.6410073784788324E-4	57262.76053784037	57277.88367514962	0.000 s
499	2.7377721492571894E-4	57266.83175332493	57282.51010702997	0.000 s
500	2.682988050495272E-4	57267.003588321066	57282.36825695258	0.000 s
501	2.628585770219072E-4	57267.17634152223	57282.229510005425	0.002 s
502	2.6223320652762894E-4	57267.076505274556	57282.093834375	0.000 s
503	2.5958279949245266E-4	57264.81614913914	57279.681110427555	0.000 s
504	3.4435872687788027E-4	57263.03764219487	57282.7566689345	0.000 s
505	2.70495852613184E-4	57268.07217729314	57283.56295330426	0.000 s
506	2.668586481648916E-4	57268.13745295347	57283.41995069708	0.000 s
507	2.66549896245305E-4	57265.75604488155	57281.02022621372	0.000 s
508	2.611792087148235E-4	57265.92760869823	57280.884278357385	0.000 s
509	2.674120388070911E-4	57265.43785208315	57280.75131957236	0.000 s
510	2.686222325958276E-4	57263.58867654256	57278.9709495793	0.000 s
511	2.632720335540295E-4	57263.762849640625	57278.838796935	0.000 s
512	2.57958340158293E-4	57263.937879232515	57278.709589598766	0.000 s
513	2.570489113469243E-4	57263.86368409964	57278.58329791916	0.000 s
514	2.6448142658597185E-4	57267.92492015404	57283.07122263454	0.000 s
515	2.591864565797408E-4	57268.09035487027	57282.93346828444	0.000 s
516	2.603599074189056E-4	57267.88837486747	57282.79863698283	0.008 s
517	2.553889375747076E-4	57265.822571206765	57280.447628792565	0.002 s
518	2.521916225854959E-4	57265.877546968564	57280.31952154592	0.000 s
519	2.5165780461189335E-4	57263.575099701964	57277.98592529578	0.000 s
520	2.618041008786154E-4	57262.872769151414	57277.864424070474	0.000 s
521	2.580962738101267E-4	57267.50839988956	57282.288930417955	0.000 s
522	2.52959228944194E-4	57267.669872847466	57282.15625846193	0.000 s
523	2.60426474250508E-4	57264.92240375614	57279.83570559598	0.002 s
524	3.0424504410819786E-4	57265.36255103916	57282.785253794376	0.000 s
525	2.560765552086508E-4	57266.362886341245	57281.02745927851	0.000 s
526	2.5406111056813785E-4	57266.34817837814	57280.89733039452	0.000 s
527	2.523666075537889E-4	57264.143669669975	57278.59522734237	0.000 s
528	2.4724433117495614E-4	57264.31327914494	57278.471555981836	0.008 s
529	2.605441797915997E-4	57263.430962972554	57278.350616624855	0.002 s
530	2.601364892262925E-4	57265.64349045268	57280.54037390357	0.000 s
531	2.5500090829622124E-4	57265.80672561312	57280.40955834247	0.000 s
532	2.4989910157513506E-4	57265.97077221299	57280.2814868598	0.008 s
533	2.481652112211741E-4	57265.94471765091	57280.156132917546	0.002 s
534	2.4627978330604705E-4	57263.783949611796	57277.88686191419	0.000 s
535	2.4967303023637477E-4	57263.47061969133	57277.767763922806	0.000 s
536	2.5255309092298006E-4	57267.606619719125	57282.06973078069	0.000 s
537	2.4892662305453506E-4	57267.68463603605	57281.94008738265	0.000 s
538	2.4892429765155377E-4	57265.428410005596	57279.68316655228	0.000 s
539	2.4391169908555277E-4	57265.591988859844	57279.55973670098	0.002 s
540	2.4245385539356512E-4	57265.55468343407	57279.43893794832	0.000 s
541	2.4422617406871794E-4	57263.21638704778	57277.201563300856	0.000 s
542	2.515675864083189E-4	57267.05160050362	57281.458134455475	0.000 s
543	2.4657441726949614E-4	57267.209865354984	57281.33049425618	0.000 s
544	2.432439014234955E-4	57267.27555593741	57281.20547146753	0.000 s
545	2.4303228356048479E-4	57265.062834026205	57278.980093014994	0.000 s
546	2.381059246949757E-4	57265.22590419655	57278.86109376334	0.008 s
547	2.4443092894732565E-4	57264.747367780365	57278.74464317541	0.002 s
548	2.506226029999059E-4	57266.5111713366	57280.86345343108	0.000 s
549	2.4568339817454543E-4	57266.66827847467	57280.73774813946	0.000 s
550	2.4077565816460478E-4	57266.82614488447	57280.614602640504	0.000 s
551	2.3773531575077556E-4	57266.87963326788	57280.493992979566	0.000 s
552	2.3979224815384725E-4	57264.5676767901	57278.29927621288	0.000 s
553	3.0605869776745287E-4	57263.57710408881	57281.10311992679	0.000 s
554	2.4792124318695485E-4	57267.643373922685	57281.841239262336	0.000 s
555	2.430363720196116E-4	57267.79634132189	57281.714498778245	0.000 s
556	2.4343038768148695E-4	57267.64958800173	57281.59027414255	0.000 s
557	2.3956270584690742E-4	57265.69089785873	57279.409621722414	0.000 s
558	2.3781075394890827E-4	57265.67279728167	57279.29119010498	0.000 s
559	2.463916638282271E-4	57263.5594485168	57277.66871220605	0.000 s
560	2.4155701027628318E-4	57263.718481289085	57277.55093392273	0.000 s
561	2.367525637148038E-4	57263.878226678855	57277.43559665728	0.000 s
562	2.3315817646119008E-4	57263.97111486047	57277.32267794253	0.000 s
563	2.427592256530886E-4	57267.51744986026	57281.41966805146	0.010 s
564	2.3796996317115848E-4	57267.66920048211	57281.297185612646	0.000 s
565	2.3663049576105877E-4	57267.625860791915	57281.17712749041	0.000 s
566	2.3458344764981653E-4	57265.60002455206	57279.03358643755	0.000 s
567	2.2985596220381765E-4	57265.75623776681	57278.919113268166	0.000 s
568	2.353127037642011E-4	57265.33174300851	57278.807003052905	0.000 s
569	2.419260864479078E-4	57266.99148281243	57280.845861944515	0.000 s
570	2.371865400268014E-4	57267.14217497427	57280.72517028398	0.000 s
571	2.3247612123444839E-4	57267.293573238545	57280.60685152205	0.000 s
572	2.3139203869670943E-4	57267.23970091625	57280.490884261184	0.000 s
573	2.3642328576300997E-4	57264.83706701408	57278.37580795214	0.000 s
574	2.8153769054117816E-4	57264.950566754735	57281.07280868625	0.000 s
575	2.3943151359628878E-4	57268.07672461588	57281.7885069068	0.000 s
576	2.3570249247750752E-4	57268.16859458607	57281.66684466344	0.000 s
577	2.3607645912582242E-4	57266.04259003687	57279.56175459968	0.000 s
578	2.3141796888848098E-4	57266.19308253677	57279.445508625904	0.000 s
579	2.2970497377361454E-4	57266.17723321002	57279.331558949496	0.000 s
580	2.2814669186344005E-4	57264.178858968255	57277.2434919372	0.000 s
581	2.2614828608458204E-4	57264.184639341096	57277.13483655132	0.000 s
582	2.3397342876507743E-4	57267.69767169007	57281.09679127179	0.000 s
583	2.3051836376741797E-4	57267.77791301059	57280.9791874717	0.000 s
584	2.3069337772163578E-4	57265.69076573878	57278.90158136909	0.000 s
585	2.2610970929148877E-4	57265.84087625962	57278.78923889249	0.000 s
586	2.2464886928719174E-4	57265.814424917815	57278.67912537718	0.000 s
587	2.2291091292747645E-4	57263.85336322519	57276.618101056134	0.000 s
588	2.3069686128973643E-4	57263.30266753409	57276.51313172658	0.000 s
589	2.2867012745564352E-4	57267.33026248578	57280.42559019595	0.000 s
590	2.2548411850409344E-4	57267.398985206164	57280.31187418537	0.000 s
591	2.254623199229311E-4	57265.34985558799	57278.26103421763	0.000 s
592	2.2095117867149128E-4	57265.499551473506	57278.15243109661	0.000 s
593	2.2161431856959624E-4	57265.3551698187	57278.04599248231	0.000 s
594	2.3253331862393978E-4	57266.68408935506	57280.00050145295	0.000 s
595	2.2801097497349154E-4	57266.82871839452	57279.886183844246	0.000 s
596	2.2351529186681596E-4	57266.97399511492	57279.77403952177	0.000 s
597	2.2059355893011556E-4	57267.03131144924	57279.66404969559	0.000 s
598	2.2037710471312089E-4	57265.01938686888	57277.6392860427	0.000 s
599	2.1593629734573128E-4	57265.168638344716	57277.53426682736	0.000 s
600	2.2637129266245282E-4	57264.46831866847	57277.4313503854	0.000 s
601	2.3138223163643445E-4	57266.110092983945	57279.3604533344	0.000 s
602	2.595509188256795E-4	57267.06591716634	57281.92963674359	0.000 s
603	2.2901873175862342E-4	57267.28504872508	57280.400329718206	0.015 s
604	2.2456773737244973E-4	57267.4262501709	57280.28666650905	0.000 s
605	2.2267257427599496E-4	57267.42323255001	57280.17511710336	0.000 s
606	2.2144264402457203E-4	57265.49308064275	57278.174102841906	0.000 s
607	2.1704534210398307E-4	57265.63818693215	57278.06742696323	0.000 s
608	2.2161718922220075E-4	57265.27184627481	57277.96281486143	0.000 s
609	2.2334168980009395E-4	57263.681614100235	57276.470981516104	0.000 s
610	2.189579796376684E-4	57263.82852913093	57276.36690133199	0.000 s
611	2.145995074911422E-4	57263.97603859363	57276.2648596485	0.000 s
612	2.2209911003945315E-4	57263.44667864809	57276.16483919321	0.000 s
613	2.2015213985571158E-4	57267.31589923562	57279.923421374624	0.000 s
614	2.166967075869497E-4	57267.40566419523	57279.8153224547	0.000 s
615	2.170989907683829E-4	57265.41334411668	57277.845607559626	0.016 s
616	2.127797778499474E-4	57265.5572685824	57277.74222113647	0.000 s
617	2.1303063211908224E-4	57265.441536900056	57277.640830109245	0.000 s
618	2.2392510057644976E-4	57266.69513201187	57279.51858247899	0.000 s
619	2.1959540643523567E-4	57266.83437545488	57279.409909224814	0.000 s
620	2.1529028459821298E-4	57266.97421603767	57279.30323921472	0.000 s
621	2.1209273143107943E-4	57267.05263017139	57279.19855578473	0.000 s
622	2.2068520208473608E-4	57264.615454088664	57277.25290732245	0.000 s
623	2.5371081720249045E-4	57265.20986644222	57279.73866963471	0.000 s
624	2.1393471623842863E-4	57266.011519676234	57278.2627076008	0.000 s
625	2.1334634322500712E-4	57265.94225153725	57278.159730907944	0.000 s
626	2.109649277568515E-4	57264.14634048266	57276.227066978434	0.000 s
627	2.1279802262563763E-4	57263.94296271155	57276.12861654177	0.000 s
628	2.2191608068866664E-4	57265.269523128045	57277.9776073002	0.000 s
629	2.1765394079364953E-4	57265.408064642186	57277.872106378614	0.000 s
630	2.1341560723620034E-4	57265.54718162668	57277.76854315216	0.000 s
631	2.0920092644027832E-4	57265.68686699719	57277.666901743	0.000 s
632	2.0883312963215772E-4	57265.60821022794	57277.56716641077	0.000 s
633	2.0842879877269738E-4	57263.72228806603	57275.65769691578	0.000 s
634	2.1586338006618355E-4	57266.93255474313	57279.294388370414	0.000 s
635	2.116621492604942E-4	57267.068361440244	57279.18963221147	0.016 s
636	2.096871469596806E-4	57267.07860348653	57279.08677381361	0.000 s
637	2.0874499337719676E-4	57265.23221928617	57277.18604980652	0.000 s
638	2.0459197836464327E-4	57265.37153832453	57277.08757397934	0.000 s
639	2.0973222499254263E-4	57264.98064129267	57276.99095309672	0.000 s
640	2.15357553752904E-4	57266.4697066523	57278.80247348039	0.000 s
641	2.1119466012553545E-4	57266.60466096867	57278.69906207658	0.007 s
642	2.0705461018022397E-4	57266.74017016616	57278.59751272839	0.000 s
643	2.0531109511079393E-4	57266.740313295224	57278.49781046237	0.000 s
644	2.0419621792955311E-4	57264.92623015763	57276.61951151385	0.000 s
645	2.0158131703151838E-4	57264.98052840922	57276.52407860392	0.000 s
646	2.0951351322540113E-4	57268.09396031529	57280.09239987664	0.000 s
647	2.061991917228223E-4	57268.18103594275	57279.989688583795	0.000 s
648	2.0664687424565287E-4	57266.28594634193	57278.119845332396	0.000 s
649	2.0256629813641958E-4	57266.42113289227	57278.02137982868	0.000 s
650	2.0105056589270198E-4	57266.411268313415	57277.92471270556	0.000 s
651	2.0499810350038672E-4	57264.3292300489	57276.068308939284	0.000 s
652	2.6182816976216827E-4	57263.4565552999	57278.44974132403	0.000 s
653	2.088722634692175E-4	57267.11225690323	57279.07376826267	0.000 s
654	2.0502809110656273E-4	57267.23123879661	57278.97262990046	0.000 s
655	2.0603418207332247E-4	57265.32530046779	57277.12391492724	0.000 s
656	2.0199237691409522E-4	57265.45974693945	57277.02693326882	0.000 s
657	1.999246320201209E-4	57265.48293242473	57276.93171302746	0.000 s
658	1.9921803550815298E-4	57263.68819113168	57275.09615059907	0.000 s
659	2.0725092255502453E-4	57263.13716634101	57275.005004347135	0.000 s
660	2.043999124450302E-4	57266.79022051552	57278.4955474226	0.000 s
661	2.0079789276272741E-4	57266.89835603387	57278.39742854882	0.000 s
662	2.0161757142989067E-4	57265.02431022179	57276.56994535109	0.000 s
663	1.9763259126492905E-4	57265.158416890314	57276.47587853744	0.000 s
664	1.9850270864107955E-4	57265.01626682724	57276.38352766658	0.000 s
665	2.080079237720689E-4	57266.216314535064	57278.12814129294	0.016 s
666	2.0401371116562927E-4	57266.34637804167	57278.029497891155	0.000 s
667	2.0004061609557588E-4	57266.47695545858	57277.93257679038	0.000 s
668	1.96676945396268E-4	57266.57434973589	57277.8373646523	0.000 s
669	1.9731220226293367E-4	57264.731594262805	57276.03062456566	0.000 s
670	1.9338251338085755E-4	57264.865340136006	57275.9393637239	0.000 s
671	2.0298361426318579E-4	57264.22607549161	57275.849775068404	0.000 s
672	2.0364731191158114E-4	57265.912071819504	57277.57412087709	0.000 s
673	1.9970847857031515E-4	57266.041849916764	57277.478364008355	0.000 s
674	1.957902664107003E-4	57266.1721264924	57277.38428558936	0.000 s
675	1.9266122223360327E-4	57266.25888531091	57277.2918727405	0.000 s
676	1.9311404620325767E-4	57264.44683490054	57275.50540393242	0.000 s
677	1.9677512767146688E-4	57264.14868513943	57275.41684530794	0.000 s
678	1.9819395739295587E-4	57267.46540488875	57278.81547048721	0.015 s
679	1.9430746600823667E-4	57267.59277566218	57278.72029649881	0.000 s
680	1.9472558073951873E-4	57267.47532638111	57278.62676877152	0.000 s
681	1.9386014827316167E-4	57265.748583876135	57276.850130387575	0.000 s
682	2.5321110447951156E-4	57264.62879579031	57279.12883569531	0.000 s
683	1.9888994885608469E-4	57266.38153019127	57277.77123788498	0.000 s
684	2.0266017757442079E-4	57264.83385307831	57276.439154475745	0.000 s
685	1.9878627812808247E-4	57264.96235851682	57276.345847251214	0.000 s
686	1.9493230792511085E-4	57265.091343696324	57276.254160115495	0.000 s
687	1.9109814877427134E-4	57265.22080316121	57276.16408084584	0.000 s
688	1.9158793390983142E-4	57265.10429430006	57276.07559731693	0.000 s
689	2.0112163553864804E-4	57266.24132291077	57277.75880302678	0.016 s
690	1.972787894788386E-4	57266.367015892654	57277.6644554554	0.000 s
691	1.9345557844752115E-4	57266.493186807624	57277.57170937274	0.000 s
692	1.898570469001104E-4	57266.60808370134	57277.4805527981	0.000 s
693	1.9084146264503055E-4	57264.80858281389	57275.737082641914	0.000 s
694	1.8705859706957817E-4	57264.937704340016	57275.64960324826	0.000 s
695	1.95983256748411E-4	57264.340828304834	57275.56368031592	0.000 s
696	1.96978894577704E-4	57265.94782618665	57277.2280092864	0.000 s
697	1.931874236951181E-4	57266.07324906376	57277.13633421988	0.000 s
698	1.8941514234871448E-4	57266.19913601785	57277.04622127897	0.000 s
699	1.8604619908213493E-4	57266.30348078296	57276.957658881045	0.000 s
700	1.932256465111415E-4	57264.1681666011	57275.23307251702	0.016 s
701	2.3739315611748246E-4	57263.85423070079	57277.44827778806	0.000 s
702	1.9536896403216097E-4	57266.84250595659	57278.030669650376	0.000 s
703	1.9160941623663774E-4	57266.96533322065	57277.93822301779	0.000 s
704	1.9094797051533163E-4	57266.91231695825	57277.84731764286	0.000 s
705	1.8903179370366452E-4	57265.30644409571	57276.13140768983	0.000 s
706	1.8531128637655492E-4	57265.43213819393	57276.04406908836	0.000 s
707	1.9078029299790522E-4	57265.03320044114	57275.958240253654	0.000 s
708	1.9768632853800483E-4	57265.23407123097	57276.55462510738	0.000 s
709	1.9394917574033776E-4	57265.35750983368	57276.46407872118	0.000 s
710	1.9023061611855852E-4	57265.481398713564	57276.37504652237	0.000 s
711	1.8653054308703787E-4	57265.6057329377	57276.28751747528	0.000 s
712	1.8315436948390662E-4	57265.71301506874	57276.20148062906	0.000 s
713	1.843569299897485E-4	57263.952364601275	57274.50937105829	0.015 s
714	1.9252632855670804E-4	57266.71246294744	57277.73781284644	0.000 s
715	1.8883641897393666E-4	57266.83373307598	57277.64779688411	0.000 s
716	1.851647329713657E-4	57266.95544695591	57277.559267469325	0.000 s
717	1.8515328636059536E-4	57266.869064853505	57277.47221386045	0.007 s
718	1.826654792080884E-4	57265.32853007142	57275.788928749374	0.000 s
719	1.8267015867512448E-4	57265.244643474514	57275.70529480011	0.000 s
720	2.0242382625368371E-4	57265.7235346144	57277.315481485464	0.000 s
721	1.9772271423046384E-4	57268.13646425079	57279.45967563142	0.000 s
722	1.937921430334999E-4	57267.09250344695	57278.19041602848	0.000 s
723	1.901319752874997E-4	57267.2109353945	57278.09926332885	0.000 s
724	1.8648968131129706E-4	57267.32980781467	57278.00957390008	0.000 s
725	1.8729699942032774E-4	57267.19536344432	57277.92133730111	0.016 s
726	1.839968542203252E-4	57265.71778499356	57276.254496920665	0.000 s
727	1.8168975944132804E-4	57265.765021584644	57276.169624655646	0.000 s
728	1.81536508402802E-4	57264.11605391619	57274.51158160139	0.000 s
729	1.8471705833755792E-4	57263.852420999654	57274.430031367934	0.000 s
730	1.8625993510323902E-4	57266.91906282438	57277.58559545258	0.000 s
731	1.8266402363509293E-4	57267.03771518973	57277.49834272044	0.000 s
732	1.8364623255640034E-4	57266.89565907967	57277.41250871766	0.015 s
733	1.8021535451273607E-4	57265.44283508273	57275.762947164585	0.000 s
734	1.7811387387856037E-4	57265.48062447173	57275.68040106527	0.000 s
735	1.8120900423457265E-4	57263.66276674428	57274.03945805307	0.000 s
736	1.8604508914465967E-4	57266.516379386485	57277.170533531294	0.016 s
737	1.824773119973866E-4	57266.634377795475	57277.08423930387	0.000 s
738	1.7900059309838845E-4	57266.74855871199	57276.99934066881	0.000 s
739	1.8005326542569478E-4	57265.0540929093	57275.36485289351	0.000 s
740	1.7652083365526927E-4	57265.17468936235	57275.283185737935	0.000 s
741	1.807438593042221E-4	57264.85261647402	57275.2028869384	0.015 s
742	1.8584451382697154E-4	57266.121528955795	57276.7641234701	0.000 s
743	1.8230440842992301E-4	57266.23887554658	57276.678763347794	0.000 s
744	1.7878114300340364E-4	57266.356631566894	57276.59477626113	0.000 s
745	1.75517704847028E-4	57266.46087487569	57276.51215265316	0.000 s
746	1.7639912676847835E-4	57264.79281687328	57274.89427632075	0.000 s
747	1.7573333673492897E-4	57264.75148636855	57274.81481222454	0.000 s
748	1.8103740195396512E-4	57267.52750516525	57277.89506956111	0.000 s
749	1.7753986722390813E-4	57267.64287842606	57277.810168138916	0.000 s
750	1.774920302355376E-4	57267.56208002579	57277.726615886015	0.000 s
751	1.8229823756032992E-4	57265.67737386883	57276.11680592679	0.016 s
752	2.1596950558855355E-4	57265.8132060577	57278.180875422935	0.000 s
753	1.776922769334277E-4	57266.779347654985	57276.955212069915	0.000 s
754	1.7775567813971271E-4	57265.17331684634	57275.35252656306	0.000 s
755	1.7429337847008064E-4	57265.290930202835	57275.27189122813	0.000 s
756	1.7481157880139264E-4	57265.18195643404	57275.19257330219	0.000 s
757	1.8343540756360355E-4	57266.218712040034	57276.72336420911	0.000 s
758	1.7996575475720533E-4	57266.333209046395	57276.63918792454	0.000 s
759	1.765122862384949E-4	57266.44810173224	57276.556333411434	0.000 s
760	1.7426989684055094E-4	57266.49496548477	57276.47479165482	0.016 s
761	1.7417617808535013E-4	57264.913904347486	57274.888088189735	0.000 s
762	1.707559397035041E-4	57265.031244626676	57274.809588849006	0.000 s
763	1.7895353933483626E-4	57264.48469514883	57274.73237736321	0.000 s
764	1.798121263039132E-4	57265.950430636105	57276.24754294786	0.006 s
765	1.7638460026292435E-4	57266.06470563619	57276.16555756793	0.000 s
766	1.7297292420392907E-4	57266.179365844386	57276.084864347285	0.000 s
767	1.7092551185582394E-4	57266.21719705764	57276.005454544094	0.000 s
768	1.7067615963517468E-4	57264.660700817614	57274.434413188836	0.000 s
769	1.7298515609143195E-4	57264.4520798016	57274.35797998311	0.000 s
770	1.7518594976007051E-4	57267.31704875384	57277.34947808123	0.000 s
771	1.71822949234679E-4	57267.42805468137	57277.26791306481	0.000 s
772	1.7288247616686903E-4	57265.80253324556	57275.70278698719	0.000 s
773	1.6951161716960428E-4	57265.91694682078	57275.62418501113	0.016 s
774	1.6765659259365684E-4	57265.94582472581	57275.546838074435	0.000 s
775	1.6976592461781514E-4	57264.26962681743	57273.99114849819	0.000 s
776	1.7508476479477508E-4	57266.934054082034	57276.960621761405	0.000 s
777	1.7172217066763196E-4	57267.0458718095	57276.879893234334	0.000 s
778	1.6856123007880086E-4	57267.147394660155	57276.8004154681	0.000 s
779	1.741064952660576E-4	57265.28026578548	57275.25052303298	0.000 s
780	2.1264080831584486E-4	57265.0661960813	57277.2430860455	0.000 s
781	1.7090594630131406E-4	57266.27367438618	57276.060821079656	0.000 s
782	1.7197605053276277E-4	57266.13398772588	57275.98239127837	0.000 s
783	1.7582845037700245E-4	57264.74993320681	57274.81870544879	0.000 s
784	1.7249007106912018E-4	57264.86297665332	57274.740596937925	0.000 s
785	1.6916676439171496E-4	57264.9763829297	57274.663713697366	0.000 s
786	1.658584521024853E-4	57265.090148413656	57274.58804762518	0.000 s
787	1.7349975375968718E-4	57264.578200459015	57274.513590675946	0.000 s
788	1.746453972566453E-4	57265.98098061838	57275.98222061603	0.000 s
789	1.7133018493531438E-4	57266.09186471381	57275.90327482352	0.000 s
790	1.680298512953815E-4	57266.20311049915	57275.82554209206	0.000 s
791	1.6573585786017198E-4	57266.25794207344	57275.74901445991	0.000 s
792	1.6581552036165625E-4	57264.730651430844	57274.22603254218	0.000 s
793	1.6806452467643673E-4	57264.52816529048	57274.1523009974	0.000 s
794	1.7019734212153637E-4	57267.30626013957	57277.05300345551	0.000 s
795	1.6691963828208145E-4	57267.415388236266	57276.97444449822	0.000 s
796	1.6764901829624534E-4	57267.29627275134	57276.89707875194	0.000 s
797	1.6471451347221944E-4	57265.94871349109	57275.38124637195	0.000 s
798	1.6260981411386766E-4	57265.99463769521	57275.30665043829	0.000 s
799	1.731140919021268E-4	57263.88491422213	57273.79809965785	0.016 s
800	1.8344263649971992E-4	57268.187452332786	57278.6928796266	0.000 s
801	1.7483027579046073E-4	57267.53396243323	57277.54606118972	0.000 s
802	1.7156139072826981E-4	57267.640436578906	57277.46535261593	0.000 s
803	1.6876941138499468E-4	57267.72078865976	57277.38582818863	0.000 s
804	1.693450979336486E-4	57266.184029661556	57275.88177720434	0.000 s
805	1.6610604639888393E-4	57266.292718386394	57275.80499586177	0.000 s
806	1.6475584822650546E-4	57266.29442051363	57275.729377425676	0.000 s
807	1.6393133548375793E-4	57264.846543219566	57274.234045989666	0.000 s
808	1.6185278630809208E-4	57264.89264360721	57274.16112603921	0.000 s
809	1.6823524830189562E-4	57267.374253631846	57277.008644559	0.000 s
810	1.656304323711666E-4	57267.44584568776	57276.93107750398	0.000 s
811	1.6605440164974006E-4	57265.93184964423	57275.44110969244	0.000 s
812	1.6285224390100161E-4	57266.04032620719	57275.366229373634	0.000 s
813	1.6167806323763578E-4	57266.03382600991	57275.2924874482	0.016 s
814	1.6071208156387407E-4	57264.60796213649	57273.81107648202	0.000 s
815	1.6568785759774052E-4	57264.25198674176	57273.73997797038	0.000 s
816	1.6497898947753775E-4	57267.113962285985	57276.56183287778	0.000 s
817	1.6255900904704745E-4	57267.176867655944	57276.48616317847	0.000 s
818	1.6283264334515657E-4	57265.68529077401	57275.01001368288	0.000 s
819	1.5966656724453188E-4	57265.79354340496	57274.936976080564	0.000 s
820	1.5929615282495035E-4	57265.742840593426	57274.8650531166	0.000 s
821	1.6812186410053442E-4	57266.647837929995	57276.275613515296	0.000 s
822	1.6494934643906944E-4	57266.75344071942	57276.199554272156	0.000 s
823	1.6179051017495283E-4	57266.85937875716	57276.12461315216	0.000 s
824	1.5955307540793662E-4	57266.91367091743	57276.05078311274	0.000 s
825	1.596777531029936E-4	57265.4441770908	57274.58819454745	0.000 s
826	1.565469724627011E-4	57265.55219478469	57274.51694360718	0.015 s
827	1.6327032726271007E-4	57265.097093134485	57274.44678427761	0.000 s
828	1.7056119850566986E-4	57266.076685474865	57275.84405614806	0.000 s
829	1.877820384508233E-4	57266.96230598051	57277.716012898214	0.000 s
830	1.6632341181321841E-4	57267.081628147644	57276.60648454862	0.000 s
831	1.631861265118939E-4	57267.18541300123	57276.53062316501	0.000 s
832	1.61684835866982E-4	57267.19662059323	57276.4558578794	0.000 s
833	1.6107695255884735E-4	57265.78149758039	57275.00569514992	0.000 s
834	1.5796729339823123E-4	57265.887335525294	57274.933472751734	0.000 s
835	1.6069095118709242E-4	57265.66025402783	57274.8623274444	0.000 s
836	1.6259483646985373E-4	57264.46171344058	57273.77261922841	0.000 s
837	1.5949192799991074E-4	57264.568508528246	57273.70174496576	0.000 s
838	1.5640217067525164E-4	57264.6756185955	57273.631938165265	0.000 s
839	1.6124445701271028E-4	57264.3296364629	57273.56319220133	0.000 s
840	1.605543143439192E-4	57267.10963631262	57276.30411783474	0.000 s
841	1.579119777532778E-4	57267.187882337515	57276.23105723638	0.000 s
842	1.5848024272391292E-4	57265.72192984662	57274.797415357825	0.006 s
843	1.5541038300992405E-4	57265.82713222676	57274.72683635476	0.000 s
844	1.5476437751504868E-4	57265.79460333558	57274.65730839027	0.000 s
845	1.636305062715504E-4	57266.65687914332	57276.027451200935	0.000 s
846	1.605545289273813E-4	57266.759579967336	57275.9540175749	0.000 s
847	1.5749145133026055E-4	57266.86259689118	57275.881638194696	0.000 s
848	1.5502884285067964E-4	57266.93228036004	57275.81030660507	0.000 s
849	1.6424894487765407E-4	57264.98374606743	57274.389459226164	0.000 s
850	1.8530154591034353E-4	57265.60531474294	57276.216719935255	0.000 s
851	1.568315594726588E-4	57266.154394078025	57275.135534376655	0.000 s
852	1.562757024027306E-4	57266.115765853596	57275.065068318785	0.000 s
853	1.5479791914652097E-4	57264.78668792596	57273.651157745626	0.000 s
854	1.554995409565052E-4	57264.67847020554	57273.58310142068	0.000 s
855	1.5887996895869172E-4	57267.17788302515	57276.27649046955	0.000 s
856	1.5713314467369344E-4	57267.20569600073	57276.204272118426	0.016 s
857	1.5684065648513545E-4	57265.81355062085	57274.795158412286	0.000 s
858	1.538238836913397E-4	57265.91647422984	57274.72533990505	0.000 s
859	1.534279487671597E-4	57265.87035299744	57274.65653802007	0.000 s
860	1.5269837153319976E-4	57264.51088388479	57273.25508144341	0.000 s
861	1.5887978761486288E-4	57266.8320682299	57275.93061034627	0.000 s
862	1.5586958409485874E-4	57266.932887491435	57275.859060503	0.000 s
863	1.5429064334404607E-4	57266.952769179516	57275.78852416462	0.000 s
864	1.538608087232607E-4	57265.58084938299	57274.39177796448	0.000 s
865	1.508761592103891E-4	57265.68356888078	57274.3235952722	0.000 s
866	1.5385344722695926E-4	57265.445922856095	57274.256409118316	0.000 s
867	1.5888761485172154E-4	57266.49200385403	57275.59094017945	0.000 s
868	1.558971253650121E-4	57266.59234709729	57275.52004422365	0.000 s
869	1.5291886804225108E-4	57266.69298991662	57275.450147785166	0.000 s
870	1.5150587574308538E-4	57266.70500260284	57275.38124489517	0.000 s
871	1.5093986469327803E-4	57265.35302341493	57273.99664805189	0.000 s
872	1.4839610760941646E-4	57265.43208670265	57273.93005392489	0.000 s
873	1.5495772192397617E-4	57267.69431637675	57276.56838782785	0.000 s
874	1.5238157684405174E-4	57267.771244592615	57276.49779787721	0.000 s
875	1.5297309505069023E-4	57266.357584155994	57275.11779611792	0.000 s
876	1.500261275346748E-4	57266.45804077286	57275.04950571034	0.000 s
877	1.4877717748240649E-4	57266.46224685406	57274.98218947156	0.000 s
878	1.545288127731137E-4	57264.76047416172	57273.60952961152	0.000 s
879	1.9322001143007306E-4	57264.31514092879	57275.37975255486	0.000 s
880	1.54961889026195E-4	57266.96668817728	57275.84088551407	0.000 s
881	1.5202229249866583E-4	57267.06520262752	57275.771073164295	0.000 s
882	1.529205992225613E-4	57266.94493491612	57275.70223045122	0.000 s
883	1.5006361472025276E-4	57265.74156416717	57274.33506834592	0.000 s
884	1.4840073518351815E-4	57265.770196893376	57274.268479291444	0.000 s
885	1.481264372646951E-4	57264.42487324112	57272.907248479605	0.000 s
886	1.534956625219852E-4	57264.05310594961	57272.8428897198	0.000 s
887	1.5206686380841994E-4	57266.73008543398	57275.43845747863	0.000 s
888	1.4926099923240344E-4	57266.82252517523	57275.3702283282	0.000 s
889	1.5012421819649013E-4	57265.41651453553	57274.01344041947	0.000 s
890	1.4722753948293033E-4	57265.516371747224	57273.947432819856	0.000 s
891	1.4707913104272663E-4	57265.45981211815	57273.88236618608	0.000 s
892	1.5502062191785626E-4	57266.30277086712	57275.1802287376	0.000 s
893	1.5211840461204496E-4	57266.40038292191	57275.111656386034	0.000 s
894	1.4922773240622078E-4	57266.49827805756	57275.04402773843	0.000 s
895	1.465920181864533E-4	57266.58251341002	57274.97733731531	0.000 s
896	1.4731306856785586E-4	57265.19610608417	57273.6320178447	0.000 s
897	1.444460524779867E-4	57265.29576187176	57273.567507788546	0.000 s
898	1.508266215970444E-4	57264.86685439111	57273.50392079496	0.000 s
899	1.5217662502275964E-4	57266.075968476165	57274.790526645345	0.000 s
900	1.4930411630498241E-4	57266.17341043901	57274.72348585422	0.016 s
901	1.464429505333431E-4	57266.271129120956	57274.65737083115	0.000 s
902	1.439754601286758E-4	57266.34722754566	57274.59217623764	0.000 s
903	1.4455559280035502E-4	57264.98015717215	57273.25813032546	0.000 s
904	1.4670110662451386E-4	57264.794267354824	57273.19507604447	0.000 s
905	1.4843604184133774E-4	57267.23894889838	57275.73947117513	0.000 s
906	1.4559192103691387E-4	57267.33503443199	57275.67269575231	0.000 s
907	1.4577768522983092E-4	57267.25854445303	57275.6068328431	0.000 s
908	1.4786222983098618E-4	57265.81081895543	57274.2782694362	0.000 s
909	1.893858228294576E-4	57265.145878406496	57275.991085178124	0.000 s
910	1.4865935466090718E-4	57266.461591816755	57274.97478704071	0.000 s
911	1.5209777508751188E-4	57265.26293971961	57273.97285880254	0.000 s
912	1.492598545433932E-4	57265.359661721326	57273.90708097481	0.000 s
913	1.4643299297789625E-4	57265.45665262007	57273.842204831955	0.000 s
914	1.4361714096322586E-4	57265.55391011213	57273.77822524038	0.000 s
915	1.432074152012408E-4	57265.514290815554	57273.715137097315	0.000 s
916	1.5121004690565876E-4	57266.319464103566	57274.978706955844	0.007 s
917	1.4838891564949996E-4	57266.41459246234	57274.91229362685	0.000 s
918	1.4557872128828642E-4	57266.50998898565	57274.84677428249	0.000 s
919	1.4277941519313941E-4	57266.60565140034	57274.78214386535	0.000 s
920	1.4366263619369768E-4	57266.49134223654	57274.71839734833	0.000 s
921	1.409344209000185E-4	57265.33900348279	57273.409660872894	0.000 s
922	1.4688667923068444E-4	57264.936515446694	57273.3479718078	0.000 s
923	1.48467979516953E-4	57266.09868646787	57274.60086843467	0.000 s
924	1.4567495453743362E-4	57266.193652006055	57274.53590216285	0.000 s
925	1.4289267994804788E-4	57266.28887983935	57274.47181332806	0.000 s
926	1.402245017618764E-4	57266.37844761438	57274.4085969999	0.000 s
927	1.4831257774927664E-4	57264.61630548529	57273.10936834337	0.000 s
928	1.7838752144005987E-4	57264.57077898657	57274.786063834166	0.000 s
929	1.4760536817370884E-4	57266.77118338338	57275.224066228024	0.000 s
930	1.4482959656403338E-4	57266.86466826102	57275.15860516741	0.000 s
931	1.442026359159687E-4	57266.83598408483	57275.0940127843	0.000 s
932	1.4299085193747452E-4	57265.61124892488	57273.79970746408	0.000 s
933	1.402369439706952E-4	57265.70636715538	57273.737134810624	0.015 s
934	1.434624034517551E-4	57265.459976813356	57273.6754173364	0.000 s
935	1.4960054446122584E-4	57265.55451012032	57274.1214682539	0.000 s
936	1.4683687980676652E-4	57265.64833689713	57274.057046019036	0.000 s
937	1.4408371434049272E-4	57265.74242006868	57273.99348094103	0.000 s
938	1.4134100232765512E-4	57265.836757499565	57273.93076826601	0.000 s
939	1.386567097829694E-4	57265.92859802572	57273.868903267794	0.000 s
940	1.3953860980486787E-4	57264.597576155655	57272.58819849246	0.000 s
941	1.4510510424647904E-4	57264.21897500023	57272.52830546419	0.000 s
942	1.432640528218343E-4	57266.76755987217	57274.971829084796	0.000 s
943	1.4053704050676075E-4	57266.860386700384	57274.90850177825	0.000 s
944	1.4040261882541927E-4	57266.80560566645	57274.84601514525	0.000 s
945	1.401298519465577E-4	57265.54575286928	57273.57036531727	0.000 s
946	1.685704431106938E-4	57265.562616813935	57275.21589807924	0.000 s
947	1.4518548602704406E-4	57267.33212805487	57275.64651350335	0.000 s
948	1.4343956897877597E-4	57267.3674599149	57275.5818664199	0.016 s
949	1.4337034046651986E-4	57266.09958406366	57274.30984425821	0.000 s
950	1.4066041791060968E-4	57266.19206612132	57274.2471526295	0.000 s
951	1.4013281408020717E-4	57266.160421615496	57274.18528982694	0.000 s
952	1.3887468585349616E-4	57264.96685849711	57272.91951277999	0.000 s
953	1.3924754794536476E-4	57264.8855835292	57272.85957843008	0.000 s
954	1.425566085759833E-4	57267.10907032963	57275.27287518165	0.000 s
955	1.409615177034862E-4	57267.13713258725	57275.209595152	0.000 s
956	1.4076604416257688E-4	57265.886570184666	57273.947662502615	0.000 s
957	1.3808215484756303E-4	57265.97889411661	57273.886303881765	0.000 s
958	1.37697420069971E-4	57265.94038702341	57273.82575927258	0.000 s
959	1.368328814668196E-4	57264.73427428394	57272.56997288112	0.000 s
960	1.4265405900126815E-4	57266.799580006555	57274.96892141265	0.000 s
961	1.3997529319142998E-4	57266.890211102	57274.90616084946	0.000 s
962	1.3852947455217368E-4	57266.911056990495	57274.84421208844	0.016 s
963	1.38208751572666E-4	57265.67759013564	57273.59220794333	0.000 s
964	1.3555040975665733E-4	57265.76974886778	57273.53214742227	0.000 s
965	1.379202101410293E-4	57265.57480637676	57273.4728864879	0.000 s
966	1.4275680150999115E-4	57266.49470781527	57274.66988943344	0.000 s
967	1.4009365347922298E-4	57266.58495300651	57274.60763811485	0.000 s
968	1.3744031066953433E-4	57266.67543889633	57274.54618855966	0.000 s
969	1.3614223073199483E-4	57266.68912165938	57274.48553646304	0.000 s
970	1.3569725070272654E-4	57265.47253649099	57273.24330367439	0.000 s
971	1.3316114042116745E-4	57265.55896035849	57273.18450749651	0.000 s
972	1.393267039959678E-4	57267.57460781887	57275.55351023482	0.000 s
973	1.3698354066438156E-4	57267.646763522265	57275.49148854145	0.000 s
974	1.375788610618045E-4	57266.37431232634	57274.25295488137	0.000 s
975	1.3495047267664262E-4	57266.46464601856	57274.19278249107	0.015 s
976	1.337986180984796E-4	57266.47121887584	57274.13339358831	0.000 s
977	1.4111188386345397E-4	57264.82003211154	57272.90077874537	0.000 s
978	1.7017694515342185E-4	57264.74698211394	57274.49212182034	0.000 s
979	1.39454761236113E-4	57266.92081752823	57274.906962297566	0.000 s
980	1.3683210512693833E-4	57267.00958306076	57274.84554853633	0.000 s
981	1.3760922072125759E-4	57266.90446092312	57274.78491501911	0.000 s
982	1.351045900537251E-4	57265.81985773715	57273.556732853125	0.000 s
983	1.335792708396788E-4	57265.84838521611	57273.497915487416	0.000 s
984	1.3339431473924357E-4	57264.635747653825	57272.27452449817	0.000 s
985	1.3797438896334668E-4	57264.31649725542	57272.21750633353	0.000 s
986	1.3696056136325296E-4	57266.70869045455	57274.551971024215	0.000 s
987	1.344064710613324E-4	57266.79479074043	57274.49181853725	0.000 s
988	1.3524562681488383E-4	57265.52710436043	57273.27201646854	0.000 s
989	1.3265733365819266E-4	57265.61695281899	57273.21365687425	0.000 s
990	1.3222826695535872E-4	57265.58392782948	57273.15605674845	0.000 s
991	1.3968651803386578E-4	57266.324143172315	57274.32347659248	0.000 s
992	1.37093645022901E-4	57266.4121732297	57274.26303441191	0.000 s
993	1.3451008190235036E-4	57266.50043205368	57274.20335371706	0.000 s
994	1.3210721862799701E-4	57266.579102036005	57274.14443052152	0.000 s
995	1.3281736593584448E-4	57265.32807647119	57272.93390650576	0.000 s
996	1.3025286189938257E-4	57265.4177617321	57272.87674628342	0.000 s
997	1.357060244375763E-4	57265.04912036293	57272.82033251827	0.000 s
998	1.372311619769473E-4	57266.11993923365	57273.978635414824	0.000 s
999	1.346621135298598E-4	57266.207828958795	57273.919417538884	0.000 s
1000	1.3210222826076645E-4	57266.295942817196	57273.86094811548	0.000 s
1001	1.298490615044834E-4	57266.367239208885	57273.80322325067	0.000 s
1002	1.304312467333979E-4	57265.13267263274	57272.60183528158	0.000 s
1003	1.3211948590274858E-4	57264.980024488774	57272.54584420984	0.015 s
1004	1.3394815860534592E-4	57267.168000482256	57274.83883218446	0.000 s
1005	1.314019487508311E-4	57267.254786995436	57274.779815874055	0.000 s
1006	1.3153921095843124E-4	57267.18865755583	57274.72153836565	0.000 s
1007	1.3549984524141578E-4	57265.76509494341	57273.5245972514	0.000 s
1008	1.6754711137290101E-4	57265.47473138985	57275.069396262494	0.007 s
1009	1.3185260058379278E-4	57266.60357350976	57274.15432411753	0.000 s
1010	1.3183107015479756E-4	57265.4119689431	57272.96132948583	0.000 s
1011	1.3089734735571845E-4	57265.40874527794	57272.904635377934	0.000 s
1012	1.322658552169731E-4	57265.56095044581	57273.135228839405	0.000 s
1013	1.2974234169793597E-4	57265.64868821829	57273.07846757794	0.000 s
1014	1.2908393571930965E-4	57265.630356783535	57273.022429731434	0.000 s
1015	1.3660825303274393E-4	57266.33897467899	57274.1620292039	0.000 s
1016	1.3408035583228894E-4	57266.42497895566	57274.103281594085	0.000 s
1017	1.3156132622893502E-4	57266.51120111932	57274.04525928144	0.000 s
1018	1.290511286007323E-4	57266.59763950072	57273.98795855722	0.000 s
1019	1.2981837684433728E-4	57266.49713202747	57273.93137573271	0.000 s
1020	1.2741357032486356E-4	57265.454155378124	57272.75055134834	0.000 s
1021	1.3250150063681687E-4	57265.10792899551	57272.69564173023	0.000 s
1022	1.3483520751012001E-4	57266.10506406026	57273.82655121988	0.016 s
1023	1.4650866177978727E-4	57266.95699634668	57275.34710158042	0.000 s
1024	1.3545876676346325E-4	57266.692834389745	57274.45010997772	0.000 s
1025	1.3295323980222484E-4	57266.7776363699	57274.39143998969	0.000 s
1026	1.3096347636043504E-4	57266.83362017079	57274.33348378184	0.000 s
1027	1.313076165432303E-4	57265.640402944635	57273.15981769577	0.000 s
1028	1.2882001792080544E-4	57265.72655036566	57273.10352228613	0.000 s
1029	1.2795689427491652E-4	57265.720386850364	57273.04793057949	0.000 s
1030	1.2834439533060404E-4	57264.530003775435	57271.87958525266	0.000 s
1031	1.330949352995603E-4	57266.49112032716	57274.11300025766	0.000 s
1032	1.3061170724637527E-4	57266.57579921177	57274.05548444507	0.000 s
1033	1.2876302247488702E-4	57266.62484686685	57273.99867056907	0.000 s
1034	1.2898663890292816E-4	57265.4471217767	57272.833599326215	0.000 s
1035	1.2652105245036793E-4	57265.5331240301	57272.778419550086	0.000 s
1036	1.2888945828004594E-4	57265.34303281989	57272.723931861605	0.015 s
1037	1.3324068873865613E-4	57266.208594011674	57273.83878308619	0.000 s
1038	1.3077088909141388E-4	57266.29293552288	57273.78169956502	0.000 s
1039	1.2830957398168863E-4	57266.37748540174	57273.725309900365	0.000 s
1040	1.2660061869240735E-4	57266.419646460396	57273.66961061794	0.000 s
1041	1.2670462857400366E-4	57265.257234351775	57272.51300749985	0.000 s
1042	1.2501106582862853E-4	57265.30012005167	57272.458916254676	0.000 s
1043	1.3009489098569915E-4	57267.21618332694	57274.66635557337	0.000 s
1044	1.2764623671146502E-4	57267.29950690486	57274.609462173554	0.000 s
1045	1.2823601541267493E-4	57267.2095352427	57274.5532540073	0.000 s
1046	1.2604589422116064E-4	57266.1826082139	57273.40077540939	0.000 s
1047	1.2447533571724456E-4	57266.21793212833	57273.34616383069	0.000 s
1048	1.244606520993674E-4	57265.07065689147	57272.19790492795	0.000 s
1049	1.2824320342996742E-4	57264.80105440893	57272.14487593993	0.000 s
1050	1.2782788561671588E-4	57267.01653555232	57274.336857191636	0.000 s
1051	1.25400546581389E-4	57267.09973611265	57274.281061720685	0.000 s
1052	1.261125698501786E-4	57267.0038513195	57274.22594034281	0.000 s
1053	1.2381975136710466E-4	57265.991083649846	57273.08174442761	0.000 s
1054	1.2275215736989864E-4	57265.99866959957	57273.0281944802	0.000 s
1055	1.369933126751377E-4	57266.27925467926	57274.12435197894	0.000 s
1056	1.4508041593774834E-4	57267.287838831544	57275.59620077082	0.000 s
1057	1.3162140756306506E-4	57267.188215159906	57274.725803079964	0.000 s
1058	1.2919840922975823E-4	57267.26988870134	57274.6687288719	0.000 s
1059	1.2724128729746376E-4	57267.325556771284	57274.61232499521	0.000 s
1060	1.2760999369509918E-4	57266.167118941594	57273.47485416658	0.000 s
1061	1.2520380059455327E-4	57266.25005824586	57273.42001039895	0.000 s
1062	1.2433718481719147E-4	57266.24550404322	57273.36582779424	0.000 s
1063	1.236387196279498E-4	57265.153164163516	57272.23335438003	0.015 s
1064	1.2502143713177816E-4	57265.02135730454	57272.18071257201	0.000 s
1065	1.2862082571141187E-4	57266.27979202503	57273.6454282173	0.000 s
1066	1.2622319253297043E-4	57266.36213389899	57273.590476952275	0.000 s
1067	1.238335867412843E-4	57266.44467249497	57273.53618173869	0.000 s
1068	1.232757804774387E-4	57266.42297638756	57273.48253937513	0.000 s
1069	1.2228144306525301E-4	57265.35397502409	57272.35646514579	0.000 s
1070	1.2466948799150224E-4	57265.16512584597	57272.304344661956	0.000 s
1071	1.255872578480588E-4	57267.261189798606	57274.453228095896	0.000 s
1072	1.2407787534729486E-4	57267.29284479671	57274.39844881979	0.000 s
1073	1.2545473193470436E-4	57266.09111249402	57273.275414603486	0.000 s
1074	1.4657774065196527E-4	57266.33143578573	57274.725405263016	0.000 s
1075	1.252177296691137E-4	57266.69857003279	57273.869376013376	0.000 s
1076	1.2521381806651632E-4	57266.64454896685	57273.815124178676	0.000 s
1077	1.2366646158978867E-4	57265.61458960324	57272.6964255303	0.000 s
1078	1.2156493007897673E-4	57265.68218056007	57272.64367921027	0.000 s
1079	1.2212943122213993E-4	57264.53527451221	57271.52895963448	0.016 s
1080	1.26956958641955E-4	57264.20761636598	57271.47770600399	0.000 s
1081	1.253939098175838E-4	57266.42576258996	57273.60662361761	0.000 s
1082	1.230365332072214E-4	57266.506888751144	57273.55276122763	0.000 s
1083	1.231546558404517E-4	57266.44690520489	57273.4995347647	0.000 s
1084	1.2150372477037763E-4	57265.430683918676	57272.38864704735	0.000 s
1085	1.2104177125960014E-4	57265.40539692942	57272.33690303056	0.000 s
1086	1.2792635413294562E-4	57266.075954892585	57273.401795205	0.000 s
1087	1.2557335160479077E-4	57266.15658021299	57273.3476834283	0.000 s
1088	1.2322807500875221E-4	57266.23739543439	57273.29420363162	0.000 s
1089	1.2089049532093554E-4	57266.318399194904	57273.241352791396	0.000 s
1090	1.2112958231424997E-4	57266.25249065434	57273.18912789923	0.000 s
1091	1.1937577624387963E-4	57265.249857622795	57272.08594127635	0.000 s
1092	1.242839190371825E-4	57264.91806784494	57272.03517628575	0.000 s
1093	1.2575591617980386E-4	57265.890953119786	57273.09247770245	0.000 s
1094	1.234226082262868E-4	57265.97145826812	57273.039373828105	0.016 s
1095	1.2109691509021303E-4	57266.052149802854	57272.98689205759	0.000 s
1096	1.1877880834565424E-4	57266.13302639194	57272.93502943137	0.000 s
1097	1.2026402053222363E-4	57265.99674399668	57272.8837830049	0.000 s
1098	1.2513693397186998E-4	57266.769936987854	57273.936124996246	0.000 s
1099	1.228150086436397E-4	57266.84933344504	57273.88256204092	0.006 s
1100	1.2050062826562957E-4	57266.928915874065	57273.829616787276	0.000 s
1101	1.1992951301809107E-4	57266.90929376887	57273.77728631253	0.000 s
1102	1.1899963850336981E-4	57265.86995273967	57272.684570562626	0.000 s
1103	1.1670068846258985E-4	57265.95069762107	57272.63367349295	0.000 s
1104	1.234864724195539E-4	57265.51186704638	57272.583383098136	0.000 s
1105	1.3016780498942282E-4	57266.17409510094	57273.62830728305	0.000 s
1106	1.403872703245046E-4	57266.994877255325	57275.034434345835	0.000 s
1107	1.2416501186818252E-4	57267.092535764554	57274.20310498892	0.000 s
1108	1.2186197772412477E-4	57267.17090777886	57274.14959848435	0.000 s
1109	1.2182927382387021E-4	57267.1198889898	57274.096700619855	0.000 s
1110	1.2036176161389633E-4	57266.11828294507	57273.0109338224	0.000 s
1111	1.1829339287672269E-4	57266.18524303251	57272.95945438201	0.000 s
1112	1.1887493733708787E-4	57265.070053640884	57271.87743525511	0.000 s
1113	1.1791530184357413E-4	57265.07493391985	57271.82736251578	0.016 s
1114	1.2205550385258057E-4	57266.9041249667	57273.893865803744	0.000 s
1115	1.1977136681995404E-4	57266.982391336714	57273.84133609138	0.000 s
1116	1.1985680580162139E-4	57266.92557490365	57273.789405681135	0.000 s
1117	1.1828845465311488E-4	57265.937097412454	57272.71099661597	0.000 s
1118	1.1635141081201006E-4	57265.997483939085	57272.660463537904	0.000 s
1119	1.1681872365332246E-4	57264.89614009349	57271.58575217072	0.000 s
1120	1.2098248378489274E-4	57264.60859036443	57271.53660494466	0.000 s
1121	1.1997902784521841E-4	57266.71875074321	57273.589555986815	0.000 s
1122	1.177134857313078E-4	57266.79690680838	57273.53798108894	0.000 s
1123	1.1791606959055123E-4	57266.73432813597	57273.486996366235	0.000 s
1124	1.1624754081784872E-4	57265.75884097486	57272.415844613184	0.000 s
1125	1.153942533766994E-4	57265.758097195925	57272.366236595604	0.000 s
1126	1.2245078503458906E-4	57266.38078826659	57273.3931015502	0.000 s
1127	1.2018923149859084E-4	57266.458477873784	57273.341289508884	0.015 s
1128	1.1793484655586717E-4	57266.53634394713	57273.29006412364	0.000 s
1129	1.1568760422253632E-4	57266.614385265915	57273.23942268608	0.000 s
1130	1.1600634502095808E-4	57266.54607979856	57273.18936250125	0.000 s
1131	1.1423829877998948E-4	57265.583446870165	57272.12536970178	0.000 s
1132	1.1856785967667705E-4	57265.28684355173	57272.076666046545	0.000 s
1133	1.2584775776214308E-4	57265.889683833375	57273.09646764634	0.000 s
1134	1.3998058163444682E-4	57266.45283879237	57274.46903016888	0.000 s
1135	1.2152671793308478E-4	57266.6984580914	57273.65789200187	0.000 s
1136	1.192830849303661E-4	57266.77516915284	57273.60612675903	0.000 s
1137	1.1711789045443233E-4	57266.84796735806	57273.554939784975	0.000 s
1138	1.1782689505968058E-4	57265.74931887668	57272.49676431219	0.000 s
1139	1.176090873136193E-4	57265.71195670823	57272.446924825825	0.000 s
1140	1.182196614029074E-4	57265.88071305757	57272.65066608541	0.000 s
1141	1.1599358039493524E-4	57265.95829072001	57272.60077425689	0.000 s
1142	1.1388173406401414E-4	57266.02989685757	57272.551451645195	0.000 s
1143	1.1455875345944833E-4	57264.93925349126	57271.49945354908	0.000 s
1144	1.1863968303416073E-4	57264.65759774149	57271.45145856795	0.000 s
1145	1.1765561877141728E-4	57266.723488836746	57273.46124062384	0.000 s
1146	1.1543991427909184E-4	57266.80004391783	57273.410918405934	0.000 s
1147	1.1542342844950149E-4	57266.75123679274	57273.361161556655	0.000 s
1148	1.1400868409849885E-4	57265.78377750624	57272.31257415858	0.000 s
1149	1.1296173165109558E-4	57265.79529296385	57272.264136364516	0.000 s
1150	1.2081235493788256E-4	57266.35093293233	57273.269415647235	0.000 s
1151	1.3091581680368947E-4	57267.12472917502	57274.621901584935	0.000 s
1152	1.2120782564495336E-4	57266.882999419606	57273.82419378943	0.000 s
1153	1.1899562595663049E-4	57266.958265656605	57273.772783202054	0.016 s
1154	1.1679028286937232E-4	57267.033702049775	57273.72193511493	0.000 s
1155	1.1728666617627503E-4	57266.95499675824	57273.671646991876	0.000 s
1156	1.1535960314756899E-4	57266.02327249433	57272.629458212876	0.000 s
1157	1.1390038194547536E-4	57266.057850072866	57272.580475934505	0.000 s
1158	1.1394123378161147E-4	57265.01689459504	57271.541741272544	0.000 s
1159	1.1498087838468507E-4	57264.90968485405	57271.49405447024	0.000 s
1160	1.169988223470586E-4	57266.77801323272	57273.478158819875	0.000 s
1161	1.1481083805109371E-4	57266.853350240795	57273.42820566649	0.000 s
1162	1.1541748715893085E-4	57266.769217626555	57273.37880422736	0.000 s
1163	1.1339600715687403E-4	57265.849678327984	57272.34339702796	0.000 s
1164	1.1205922035584237E-4	57265.87811313085	57272.295282785206	0.000 s
1165	1.1311787084511415E-4	57264.78561484067	57271.26328546382	0.000 s
1166	1.17209732725998E-4	57266.52548611429	57273.23768026067	0.000 s
1167	1.1503216818442574E-4	57266.6005553603	57273.18805658674	0.000 s
1168	1.1286127610188323E-4	57266.675788884575	57273.138978992225	0.000 s
1169	1.1357730919159259E-4	57266.58626026702	57273.090445041045	0.000 s
1170	1.1146199753064856E-4	57265.67878356473	57272.061730511894	0.000 s
1171	1.1309888111954436E-4	57265.537797252284	57272.01446550386	0.000 s
1172	1.1742290868133054E-4	57266.27606400468	57273.000436709466	0.000 s
1173	1.1525565888392819E-4	57266.35086615881	57272.95113715978	0.000 s
1174	1.1309501525813559E-4	57266.42583084043	57272.902378143546	0.000 s
1175	1.1101402126434401E-4	57266.49677317123	57272.85415726174	0.000 s
1176	1.1170408195559922E-4	57265.43454585985	57271.83132865358	0.000 s
1177	1.1033274853167185E-4	57265.466106840424	57271.78436311194	0.000 s
1178	1.1472519129496206E-4	57267.16844013097	57273.73842698518	0.000 s
1179	1.1257431727917933E-4	57267.24244170555	57273.68926242588	0.000 s
1180	1.1252991521870648E-4	57267.19635971373	57273.6406324649	0.000 s
1181	1.1118673326748763E-4	57266.25378018876	57272.62102787305	0.000 s
1182	1.092303279286444E-4	57266.3184266279	57272.5736453689	0.000 s
1183	1.1587331976459225E-4	57264.92187007748	57271.55734668063	0.000 s
1184	1.463246891215686E-4	57264.49518224489	57272.874391700134	0.000 s
1185	1.1499155798588845E-4	57266.62998380106	57273.2151628035	0.016 s
1186	1.1285125176896393E-4	57266.70376958112	57273.16638878621	0.000 s
1187	1.1363542168862928E-4	57266.61062789978	57273.118143347165	0.000 s
1188	1.1612255492954304E-4	57265.698876105744	57272.34871536906	0.000 s
1189	1.1398544388185883E-4	57265.77313982214	57272.30060439272	0.000 s
1190	1.1185476092911983E-4	57265.84756096846	57272.2530186568	0.000 s
1191	1.0973048398077445E-4	57265.922138508016	57272.20595585988	0.006 s
1192	1.1103109333698846E-4	57265.80112920071	57272.1594137109	0.000 s
1193	1.1558819926782427E-4	57266.508385032634	57273.12771761522	0.000 s
1194	1.1346065520378978E-4	57266.581708499114	57273.079212381046	0.000 s
1195	1.1133948499320034E-4	57266.655189076344	57273.03122897237	0.000 s
1196	1.1017123150836028E-4	57266.67462504602	57272.983765113844	0.000 s
1197	1.0997416512203984E-4	57265.6808321319	57271.97857757155	0.000 s
1198	1.0786602276735557E-4	57265.75529675644	57271.932326021066	0.000 s
1199	1.1404776522327964E-4	57265.35560187698	57271.88658770809	0.000 s
1200	1.1520536535614134E-4	57266.25122883409	57272.84860822948	0.000 s
1201	1.2718589403504232E-4	57266.861858511	57274.14539553505	0.000 s
1202	1.1477680426907888E-4	57266.80772440028	57273.38062558157	0.000 s
1203	1.1266511120688882E-4	57266.880175096914	57273.332154520314	0.000 s
1204	1.1199636203196306E-4	57266.870517086594	57273.284198249465	0.000 s
1205	1.1130018930982644E-4	57265.91118454044	57272.28489129628	0.000 s
1206	1.092013892489696E-4	57265.98461061961	57272.23813569581	0.016 s
1207	1.0948943272315326E-4	57265.92187537592	57272.191888676425	0.000 s
1208	1.0964179626915538E-4	57264.91781344602	57271.1964418983	0.000 s
1209	1.1288477517679141E-4	57266.63570198687	57273.100233283214	0.000 s
1210	1.1078901711147893E-4	57266.70806018158	57273.052582480785	0.000 s
1211	1.1023272423060781E-4	57266.692775639545	57273.00543919188	0.000 s
1212	1.0943860082313073E-4	57265.745286289144	57272.012369328375	0.000 s
1213	1.073555602300047E-4	57265.81860621954	57271.966410258035	0.000 s
1214	1.1120222399063628E-4	57265.55289577169	57271.92095261175	0.000 s
1215	1.131064380961444E-4	57266.39413083026	57272.87132869301	0.000 s
1216	1.110202410017358E-4	57266.46624166787	57272.823978551336	0.000 s
1217	1.0894018314422382E-4	57266.53850375753	57272.77713095016	0.000 s
1218	1.0849545934576987E-4	57266.51762660216	57272.730783737185	0.000 s
1219	1.0760401186704627E-4	57265.58186615253	57271.743872503226	0.000 s
1220	1.0698126342600922E-4	57265.57235011059	57271.698693391416	0.016 s
1221	1.1052212809858908E-4	57267.25427779995	57273.5835766131	0.000 s
1222	1.0924322148153642E-4	57267.28028859186	57273.53635077607	0.000 s
1223	1.0918263321868515E-4	57266.299289547154	57272.55177489828	0.000 s
1224	1.0711804583674045E-4	57266.37145208581	57272.50571388792	0.000 s
1225	1.0678401242647517E-4	57266.34501618993	57272.46014628776	0.000 s
1226	1.0579586534542607E-4	57265.420871953436	57271.47931670896	0.000 s
1227	1.0984793967150353E-4	57265.144443285986	57271.43490141807	0.000 s
1228	1.0869690566139845E-4	57267.08374677834	57273.30850157786	0.000 s
1229	1.0753260852225388E-4	57267.103980791835	57273.262061865404	0.000 s
1230	1.0737139840522048E-4	57266.134793179015	57272.28353815302	0.000 s
1231	1.0532205668023487E-4	57266.206852871794	57272.23824755582	0.000 s
1232	1.0620747764811256E-4	57266.11135429262	57272.19344353428	0.000 s
1233	1.1758381206306012E-4	57266.39659949682	57273.1302007121	0.000 s
1234	1.2648260490033536E-4	57267.14810081215	57274.39139887915	0.015 s
1235	1.1205224119570367E-4	57267.22912496092	57273.64604633144	0.000 s
1236	1.0999952345080999E-4	57267.29928124204	57273.598656872295	0.000 s
1237	1.0932209617475763E-4	57267.291175098246	57273.55175541176	0.000 s
1238	1.086743649427735E-4	57266.35542235692	57272.57880716503	0.000 s
1239	1.0663385020937E-4	57266.426504519884	57272.53304406579	0.000 s
1240	1.0853836596314004E-4	57266.27217562994	57272.487763236684	0.000 s
1241	1.0977207467122163E-4	57265.46523706487	57271.75138599095	0.000 s
1242	1.0773444850387115E-4	57265.536754277404	57271.70622529791	0.000 s
1243	1.0570269610243876E-4	57265.60841476011	57271.66154396349	0.000 s
1244	1.0509592643348498E-4	57265.59895879899	57271.61733997433	0.000 s
1245	1.0856661799518719E-4	57267.24845866272	57273.46577014976	0.000 s
1246	1.071142316200202E-4	57267.285456104764	57273.419597383356	0.000 s
1247	1.0725620753260223E-4	57266.31195072433	57272.45411816355	0.000 s
1248	1.0523311270493885E-4	57266.382745534676	57272.40906524434	0.016 s
1249	1.04708382290708E-4	57266.36821794368	57272.364486719445	0.000 s
1250	1.06196852560414E-4	57265.321213332325	57271.40261020604	0.000 s
1251	1.3409158334276583E-4	57264.97097581896	57272.64972644718	0.000 s
1252	1.0886283142585995E-4	57266.73872423393	57272.97294355797	0.000 s
1253	1.0712010315061526E-4	57266.79269048061	57272.92711522072	0.000 s
1254	1.0755795817041225E-4	57265.80790762964	57271.96730100117	0.000 s
1255	1.0554418437336288E-4	57265.878499933424	57271.92258037213	0.000 s
1256	1.0472318187559893E-4	57265.88126380814	57271.878329107	0.016 s
1257	1.0471894581298713E-4	57264.9253548604	57270.92207747562	0.000 s
1258	1.0909128043223859E-4	57266.50452841425	57272.75180471913	0.000 s
1259	1.0708029850703404E-4	57266.57413419778	57272.706256050544	0.000 s
1260	1.0545154619867603E-4	57266.6223219316	57272.661175801026	0.000 s
1261	1.0578875086042494E-4	57265.64905573329	57271.7071172141	0.000 s
1262	1.0378950086353811E-4	57265.71954963696	57271.66313008561	0.000 s
1263	1.051461220975547E-4	57265.59835037602	57271.619605972155	0.000 s
1264	1.093214192871006E-4	57266.27300552063	57272.533435762874	0.000 s
1265	1.073192413596491E-4	57266.342382109695	57272.48816252958	0.000 s
1266	1.0532273089647326E-4	57266.411898414764	57272.443353304545	0.000 s
1267	1.0380707085944074E-4	57266.454343292666	57272.39900617655	0.000 s
1268	1.0404427860422061E-4	57265.492486781506	57271.45063363621	0.015 s
1269	1.0220539457517219E-4	57265.55451673218	57271.40736532713	0.000 s
1270	1.0685343210492526E-4	57267.100434276035	57273.21962050413	0.000 s
1271	1.0486527776132348E-4	57267.16912249552	57273.17446009216	0.007 s
1272	1.0523657037064815E-4	57267.10316542978	57273.129758961964	0.000 s
1273	1.0358963154732947E-4	57266.25196930857	57272.18415925017	0.000 s
1274	1.0218618868274021E-4	57266.28870687171	57272.14053065467	0.000 s
1275	1.0232404977172926E-4	57265.3381545301	57271.19777584162	0.000 s
1276	1.049867793392334E-4	57265.143129095195	57271.15521204072	0.000 s
1277	1.0511737991647507E-4	57266.937284355474	57272.95703475865	0.000 s
1278	1.0314337357164582E-4	57267.005886503815	57272.912598685296	0.000 s
1279	1.0361598964658825E-4	57266.93484562986	57272.868615757914	0.000 s
1280	1.0260410267548536E-4	57266.05286780833	57271.9285997766	0.000 s
1281	1.3213129390265976E-4	57265.58037018747	57273.146945417866	0.000 s
1282	1.0395057914069916E-4	57266.47476009742	57272.427643314084	0.000 s
1283	1.0361854251228486E-4	57265.55628883897	57271.49006231777	0.015 s
1284	1.0301244641275353E-4	57265.54797927359	57271.447043466105	0.000 s
1285	1.0398347892914828E-4	57265.673423788045	57271.62810773387	0.000 s
1286	1.020231653754422E-4	57265.7426118034	57271.585044132225	0.000 s
1287	1.031654540437632E-4	57265.63459104935	57271.54242624304	0.000 s
1288	1.0745346876528394E-4	57266.285659964444	57272.43912100191	0.016 s
1289	1.0549032858131469E-4	57266.353771873575	57272.39481834962	0.000 s
1290	1.0353264403373252E-4	57266.42201826395	57272.35096234985	0.000 s
1291	1.0185420178632221E-4	57266.47472012505	57272.30755119678	0.000 s
1292	1.0228076991380952E-4	57265.5197480699	57271.37690951924	0.000 s
1293	1.0047961963821628E-4	57265.58051329943	57271.33453704776	0.000 s
1294	1.0503966235164697E-4	57267.0977524983	57273.113069110084	0.016 s
1295	1.0309001446362487E-4	57267.16520100788	57273.06887389675	0.000 s
1296	1.032640143461272E-4	57267.11148904901	57273.02512087138	0.000 s
1297	1.0184082345476853E-4	57266.26510566702	57272.097149261564	0.000 s
1298	1.0027364157716434E-4	57266.31212732501	57272.05442898171	0.000 s
1299	1.0358650066955022E-4	57265.19729607479	57271.129197472845	0.000 s
1300	1.2573365782109214E-4	57265.12900421923	57272.32915835453	0.000 s
1301	1.0534696053143833E-4	57266.607978577886	57272.64084166838	0.000 s
1302	1.0340596435520766E-4	57266.67524694091	57272.59696272024	0.000 s
1303	1.0329143080811676E-4	57266.63836841757	57272.553521432215	0.000 s
1304	1.0216177236821444E-4	57265.780411184176	57271.630784807036	0.000 s
1305	1.0031505251961725E-4	57265.843739388714	57271.588365511016	0.015 s
1306	1.0092717168586063E-4	57264.88875628045	57270.66833953953	0.000 s
1307	1.0447912518030122E-4	57264.643975126346	57270.626935032626	0.000 s
1308	1.0364948921437467E-4	57266.45028919983	57272.38592752143	0.000 s
1309	1.0172199494840051E-4	57266.51747482553	57272.34273922682	0.000 s
1310	1.0170861886904525E-4	57266.475488748474	57272.299982877936	0.000 s
1311	1.0049001241752009E-4	57265.627943152416	57271.38256681552	0.000 s
1312	9.954272681578225E-5	57265.64044151863	57271.34081952103	0.000 s
