Iter. #	RelGap			SPTT			TSTT		Runtime
1	2.276062634265232E303	78982.58632248292	1.7976931348623157E308	0.019 s
2	1.1965921165141764	95862.22173421175	210570.2005329035	0.007 s
3	0.14928813915676908	89256.59957799727	102581.55123645735	0.006 s
4	0.1418085630780439	92481.42069614919	105596.07807648617	0.008 s
5	0.11392954206556749	90872.1349129056	101225.1556300534	0.006 s
6	0.04951065632141183	93432.5728549867	98058.48085883523	0.006 s
7	0.03796010732710209	92663.58402741089	96181.10362240535	0.011 s
8	0.028932478685273377	92972.66743891407	95662.59715790345	0.006 s
9	0.02490499951957137	92868.46639916112	95181.35551021555	0.004 s
10	0.02133298638097103	93420.11045600689	95413.04040007369	0.005 s
11	0.017268425358288875	93357.76785338884	94969.90949918154	0.011 s
12	0.014415625502697482	93376.84531018927	94722.93094280426	0.007 s
13	0.01705643112323285	93004.95631782056	94591.28894937475	0.008 s
14	0.012644924855336859	93640.19282501888	94824.2660267305	0.006 s
15	0.010707128447306369	93631.12389907126	94633.64436932428	0.003 s
16	0.011199715692096879	93468.5242713137	94515.34516931228	0.003 s
17	0.00909483524686916	93747.99525976385	94600.61783137567	0.003 s
18	0.009431573644561597	93612.98793918971	94495.90572902563	0.003 s
19	0.009349690510330744	93889.25607075891	94767.09155726571	0.003 s
20	0.007986886665112936	93623.65798073432	94371.41952619975	0.003 s
21	0.007550595831712137	93898.00519592702	94606.99108256547	0.010 s
22	0.007318846010089031	93826.40590793517	94513.10692445547	0.004 s
23	0.007618968940715787	94029.33180103844	94745.73835954681	0.005 s
24	0.006580385462975569	94007.66592854603	94626.2726068305	0.002 s
25	0.005791111443703478	93990.91941364031	94535.23130266085	0.002 s
26	0.006002665055948375	94062.96733609124	94627.59582317842	0.002 s
27	0.005188938400266574	94054.6912784309	94542.73527773077	0.002 s
28	0.006467266511140934	93870.37145621354	94477.45616592067	0.002 s
29	0.00547073072561699	94141.87839179942	94656.90325848473	0.002 s
30	0.004729394167317658	94129.19878629554	94574.37287000973	0.001 s
31	0.0050254474824869	94035.93097843858	94508.5036110375	0.002 s
32	0.004397268855693248	94168.14955143683	94582.23222265762	0.002 s
33	0.004591008790994167	94087.31114923808	94519.26682184523	0.002 s
34	0.004113076287588502	94203.44840194861	94590.91437177973	0.001 s
35	0.004251014654458096	94130.39386571525	94530.5435494683	0.002 s
36	0.004485416208785731	94269.10449494216	94691.9406642315	0.002 s
37	0.003885309835219841	94254.30732690005	94620.51451416909	0.002 s
38	0.0037460016442243393	94207.60745162942	94560.50930404167	0.003 s
39	0.003492561236104308	94361.78747390713	94691.35179500801	0.002 s
40	0.0036739155321710015	94288.08495175165	94634.49141155455	0.002 s
41	0.0033119385729709627	94382.28740659282	94694.87574485994	0.002 s
42	0.003498019102363692	94310.2747642902	94640.17390696485	0.002 s
43	0.0037265168042146524	94424.82879012192	94776.7045013434	0.002 s
44	0.00302545662063447	94296.26928310771	94581.55855531142	0.003 s
45	0.0037372703192610768	94183.33069241482	94535.31925878073	0.003 s
46	0.003367119746853442	94340.5720063347	94658.22800926668	0.002 s
47	0.002921185988715047	94329.71284647727	94605.2674819639	0.001 s
48	0.0030319595372625407	94273.31059574266	94559.14345891273	0.002 s
49	0.002650466893300507	94412.85618285995	94663.09433247456	0.003 s
50	0.003324982721086389	94305.24552612516	94618.80883800733	0.005 s
51	0.0029881055040634763	94448.49017642028	94730.71222976693	0.003 s
52	0.0025880842955856576	94436.6553048147	94681.06532933672	0.003 s
53	0.0027457234349399506	94377.96746411541	94637.10326112363	0.002 s
54	0.0024901781140098667	94449.72151192943	94684.91814131275	0.003 s
55	0.0025933400845807864	94397.44021352108	94642.24487910862	0.026 s
56	0.0024009404578504423	94462.09288674063	94688.89074728564	0.016 s
57	0.0024540912741075616	94415.71969521511	94647.42448905772	0.003 s
58	0.00272765853925927	94492.97687015889	94750.7214454188	0.004 s
59	0.002370471569146382	94481.1950857433	94705.16007251303	0.003 s
60	0.0022068402846788793	94455.68483514848	94664.13344555962	0.003 s
61	0.0022939704426250263	94491.5651045654	94708.32596199264	0.109 s
62	0.0020935165422484303	94470.65689100686	94668.43277396527	0.082 s
63	0.0022234376974183956	94501.44767494788	94711.56575616897	0.002 s
64	0.001988815794684573	94484.826124645	94672.73903919972	0.002 s
65	0.002158217437546961	94510.87217117584	94714.84718353343	0.002 s
66	0.001897676932709036	94497.70031553194	94677.02642161478	0.004 s
67	0.0019844507502126962	94566.62735664228	94754.29017124524	0.006 s
68	0.002101626121775446	94519.039982564	94717.68366599649	0.001 s
69	0.0022790853442049563	94589.09581992403	94804.67244192881	0.002 s
70	0.001980284077859773	94577.96313757177	94765.2543720895	0.002 s
71	0.0017788051288232243	94560.89560921298	94729.10101530877	0.003 s
72	0.0019288362821132665	94584.396658818	94766.83447481533	0.002 s
73	0.001697963777798961	94570.98245587903	94731.56055851998	0.001 s
74	0.0018808255787972072	94590.58779418879	94768.49619122557	0.002 s
75	0.0016223439238116644	94580.61436006648	94734.05664508391	0.003 s
76	0.001835928088620431	94596.54744517143	94770.21990371254	0.003 s
77	0.001584649470580457	94586.68659611064	94736.57333894912	0.003 s
78	0.0016248572088635171	94590.98411405891	94744.68095649013	0.002 s
79	0.0018085779949976732	94542.26837295831	94713.2554391348	0.002 s
80	0.0018951272448914924	94609.64092447021	94788.93823261558	0.002 s
81	0.0016403981802841638	94600.21872121848	94755.40074786324	0.002 s
82	0.0016047656327955462	94572.51672467958	94724.28344932632	0.001 s
83	0.0016040487925121916	94605.25190607322	94757.00334615847	0.001 s
84	0.0015388246233944969	94580.99502665599	94726.53859070815	0.002 s
85	0.0015698968956550097	94610.12837526176	94758.65652209561	0.001 s
86	0.0014766313253153918	94589.14212477488	94728.81541507103	0.002 s
87	0.0015377571637480436	94614.8534635237	94760.3481322342	0.001 s
88	0.0014178829460769204	94596.9763865126	94731.10382608147	0.001 s
89	0.001507463994067093	94619.4325136435	94762.06790129689	0.002 s
90	0.001362307894867687	94604.5149138436	94733.39539140085	0.004 s
91	0.0014788689986264814	94623.87082242846	94763.80713151778	0.002 s
92	0.0013486777712605758	94608.08725402266	94735.68307828363	0.001 s
93	0.001567933842111957	94698.66797796736	94847.14922429294	0.002 s
94	0.0013509755876506269	94689.83483656804	94817.75849183091	0.001 s
95	0.0014933279625513052	94648.83396268671	94790.17571306607	0.001 s
96	0.0016729637958809995	94695.12910761949	94853.5506302628	0.001 s
97	0.0012599817403036173	94640.34006451214	94759.58516488956	0.001 s
98	0.0016434074408773203	94578.59243191498	94734.0235944653	0.002 s
99	0.0014857222497397515	94653.82801598954	94794.45731429594	0.002 s
100	0.0012832240973008613	94646.0833020012	94767.53543680948	0.002 s
101	0.001333267317793263	94616.04343213755	94742.19191058453	0.017 s
102	0.0015063828208463637	94659.57112266376	94802.16467443164	0.004 s
103	0.001307695478712123	94651.76510154067	94775.54078681608	0.005 s
104	0.001232286798914961	94633.80733334334	94750.42332485129	0.005 s
105	0.0012860595446120282	94654.82738035351	94776.55912454962	0.003 s
106	0.0011882659321682532	94639.41210544878	94751.86889469411	0.001 s
107	0.001265507908497776	94657.8230688209	94777.61329251569	0.002 s
108	0.001146258058357441	94644.84755208025	94753.33497126884	0.002 s
109	0.0012459657307268834	94660.75322284935	94778.69727740981	0.001 s
110	0.00110613220105793	94650.12086851838	94754.81641504508	0.001 s
111	0.0012273646612575018	94663.61900858315	94779.80578926102	0.002 s
112	0.0010677682777002762	94655.23887875499	94756.30874014786	0.001 s
113	0.001209642167693259	94666.42167629936	94780.93417182364	0.002 s
114	0.001034676478769203	94659.86569537365	94757.8080318921	0.002 s
115	0.0014493260099766037	94598.77677223504	94735.88123992301	0.003 s
116	0.001234288197872635	94670.8950770316	94787.74624550722	0.001 s
117	0.0010621373754924335	94664.28367732186	94764.83015113976	0.002 s
118	0.0011913141254726867	94630.33119214744	94743.06564239481	0.001 s
119	0.0012594549824238577	94675.33730114275	94794.57662641934	0.001 s
120	0.001090031623518506	94668.68100147392	94771.8728575223	0.002 s
121	0.0010737618498959378	94648.64556361732	94750.27566836786	0.002 s
122	0.0010096285831995289	94696.58065784391	94792.18903240732	0.002 s
123	0.0011439826469814562	94662.70084520798	94770.99333229128	0.003 s
124	0.0012008114937931413	94706.69502083109	94820.41990875125	0.001 s
125	0.0010382313921644126	94700.04507253035	94798.36563216404	0.002 s
126	0.0010305540958381876	94679.76455664287	94777.33717579972	0.002 s
127	0.001024903590497006	94701.875548103	94798.93584037905	0.001 s
128	9.97815599014018E-4	94683.73045581885	94778.2073590405	0.001 s
129	0.0010121666989681977	94703.68029184625	94799.53620330739	0.002 s
130	9.663288596049036E-4	94687.59933085015	94779.09869073026	0.001 s
131	9.999855898250587E-4	94705.45907562193	94800.16316997532	0.001 s
132	9.360257575805608E-4	94691.37448245575	94780.00804799204	0.001 s
133	9.883277308997407E-4	94707.21176883424	94800.81353254156	0.002 s
134	9.068429182754745E-4	94695.05907900486	94780.93262272632	0.002 s
135	9.771629576280638E-4	94708.9383250492	94801.48439133672	0.001 s
136	9.052421742246075E-4	94696.14694311225	94781.86988906172	0.002 s
137	0.0011528368037190262	94718.0043267264	94827.19872808908	0.001 s
138	0.0010042759901212062	94711.77189222834	94806.88865072155	0.001 s
139	8.599040046528561E-4	94705.99142119355	94787.42948248125	0.001 s
140	0.0010510941266719254	94669.28399822666	94768.79032661344	0.002 s
141	0.0010314289344135474	94714.62309908177	94812.31450185824	0.001 s
142	8.889563214546925E-4	94708.81972150052	94793.01172548946	0.002 s
143	9.086509111555507E-4	94688.46301662388	94774.50177481984	0.001 s
144	8.23461797157865E-4	94731.93026032642	94809.93838586683	0.001 s
145	0.0010166783983769356	94695.44795813138	94791.72277449504	0.001 s
146	9.911173618526448E-4	94739.85006063816	94833.74837089257	0.003 s
147	8.387914453760192E-4	94692.07392731699	94771.50082887213	0.002 s
148	8.970589492183212E-4	94705.33399450757	94790.29026190606	0.001 s
149	8.139934635906787E-4	94695.37825011712	94772.45966904497	0.001 s
150	8.883139858071321E-4	94706.91177345817	94791.04124773914	0.001 s
151	7.928048029677282E-4	94698.34776025334	94773.42506519078	0.002 s
152	0.001047874468443677	94715.06832510718	94814.31782698196	0.002 s
153	9.145879094254461E-4	94709.51577233637	94796.13595036928	0.003 s
154	7.846994690989817E-4	94704.32938382923	94778.6438208181	0.001 s
155	9.271190391413331E-4	94674.04470147971	94761.81881083497	0.001 s
156	9.408221804363404E-4	94712.13203678376	94801.23931136038	0.001 s
157	8.124684866546161E-4	94706.92575500422	94783.8721476481	0.002 s
158	8.449333888393973E-4	94687.14777698096	94767.1521096317	0.001 s
159	7.536852568654773E-4	94727.82763350374	94799.22260060601	0.001 s
160	8.993830982526596E-4	94697.57475303438	94782.74415121277	0.001 s
161	9.058559857488824E-4	94735.11602548588	94820.9323973982	0.001 s
162	7.814626301538841E-4	94729.91987982696	94803.94777217052	0.001 s
163	8.086885140645705E-4	94710.98200505009	94787.57368835335	0.001 s
164	7.745163467509641E-4	94731.00684681484	94804.37756016188	0.001 s
165	7.863867302508876E-4	94713.70401700845	94788.18561702034	0.001 s
166	7.678380125792916E-4	94732.08548736191	94804.82438361002	0.001 s
167	7.647564544752683E-4	94716.37535897858	94788.81031837886	0.001 s
168	7.614145180294685E-4	94733.15546728438	94805.2866671959	0.004 s
169	7.437689368392508E-4	94718.99732696576	94789.44637490613	0.001 s
170	7.552335353040451E-4	94734.21649756463	94805.76295480435	0.002 s
171	7.312242959180981E-4	94720.8303076934	94790.09248014393	0.002 s
172	8.989173025055752E-4	94741.05170162994	94826.2160722621	0.002 s
173	7.815508538160376E-4	94736.06412971392	94810.10518152166	0.001 s
174	6.947902307223863E-4	94728.71763284078	94794.53422042094	0.002 s
175	7.285080883856487E-4	94754.74526665965	94823.77486499934	0.004 s
176	7.152076875016622E-4	94740.65263446335	94808.41187754643	0.001 s
177	7.229252385365648E-4	94755.51878071683	94824.01993673404	0.001 s
178	7.135720788782329E-4	94741.21238288587	94808.81706676137	0.002 s
179	8.616636433946834E-4	94761.84028362374	94843.4931161773	0.002 s
180	7.488613120170129E-4	94756.92634416497	94827.88614034976	0.002 s
181	6.525035668487611E-4	94750.9545389584	94812.77987475738	0.002 s
182	7.431807093578602E-4	94757.64762795926	94828.06968374048	0.002 s
183	6.344786541747638E-4	94752.99986720552	94813.11862304028	0.001 s
184	7.377003303261631E-4	94758.36691945785	94828.2701980355	0.001 s
185	6.296733462707316E-4	94753.80705214759	94813.470998906	0.002 s
186	8.300742050693088E-4	94720.5130160918	94799.13807063739	0.001 s
187	7.628756332354047E-4	94759.71459670848	94832.00447398664	0.001 s
188	6.559048644949605E-4	94755.14888830365	94817.29925139542	0.002 s
189	6.897558484106892E-4	94737.7026584511	94803.04854292476	0.002 s
190	6.514295195141351E-4	94755.86310282577	94817.589869198	0.002 s
191	6.839687935797922E-4	94738.67870236225	94803.47700213964	0.002 s
192	7.820132204532371E-4	94761.72051688905	94835.82543512614	0.001 s
193	6.771605314075391E-4	94757.1942288243	94821.36006082298	0.009 s
194	6.324224357479036E-4	94747.40844287461	94807.32882970286	0.005 s
195	6.725551784854122E-4	94757.86288687926	94821.59277826604	0.004 s
196	6.201777875916026E-4	94748.93432719621	94807.69551166391	0.004 s
197	6.264763262515682E-4	94774.2510245398	94833.62484914491	0.008 s
198	6.701365558412498E-4	94756.39336646009	94819.89308955464	0.008 s
199	7.862208108626589E-4	94776.5601369795	94851.07544094117	0.001 s
200	5.89079563847017E-4	94748.9143844787	94804.72903363929	0.001 s
201	7.512128715545519E-4	94720.33812775675	94791.49326495633	0.002 s
202	7.127695572137771E-4	94754.42602540353	94821.9640956857	0.001 s
203	6.139626209142879E-4	94750.23583019254	94808.40893331509	0.001 s
204	6.380846539839613E-4	94734.79396901494	94795.24278724489	0.001 s
205	6.102723416732125E-4	94750.9456666661	94808.76954815384	0.001 s
206	6.222339623624951E-4	94736.77262002787	94795.72105743666	0.002 s
207	6.067132851872437E-4	94751.6525140075	94809.13960038118	0.002 s
208	6.20200076812738E-4	94737.45038405764	94796.20655806287	0.003 s
209	7.269654636654632E-4	94757.04466003143	94825.92975893828	0.001 s
210	6.308720129559742E-4	94752.92228163427	94812.69924844755	0.002 s
211	5.932206519732031E-4	94743.63072135158	94799.8345997384	0.002 s
212	5.882324459309807E-4	94768.16883430775	94823.91454605755	0.001 s
213	6.069593188100519E-4	94753.68073561582	94811.19236512986	0.001 s
214	7.060872886537339E-4	94773.29140123099	94840.20961759328	0.001 s
215	6.122252767810643E-4	94769.18473060327	94827.20482095527	0.002 s
216	5.681792560645604E-4	94760.70909191718	94814.55016111318	0.001 s
217	6.087188460977E-4	94769.67483092162	94827.36291802974	0.002 s
218	5.538442043295788E-4	94762.33380960635	94814.81737897555	0.002 s
219	6.053304143658345E-4	94770.16565783878	94827.53292148595	0.001 s
220	5.398420917384072E-4	94763.9369648016	94815.09452675404	0.002 s
221	6.020553444201493E-4	94770.65693169953	94827.71411219946	0.001 s
222	5.261619636274251E-4	94765.51893012313	94815.38094164759	0.001 s
223	5.988892159844994E-4	94771.14839211211	94827.90581087062	0.002 s
224	5.127933267397022E-4	94767.08007220188	94815.67599845752	0.001 s
225	5.958278138251671E-4	94771.63979668578	94828.10737563846	0.002 s
226	5.076302926718679E-4	94767.87206468079	94815.97910731287	0.002 s
227	7.130190763091626E-4	94736.6146645076	94804.16367798834	0.002 s
228	6.184207161803457E-4	94772.53651966533	94831.14581957406	0.002 s
229	5.30925420375139E-4	94768.76599474662	94819.08114167082	0.001 s
230	5.933716009340895E-4	94751.10020171768	94807.32281373465	0.001 s
231	6.408380929201485E-4	94773.46102208887	94834.19546610971	0.002 s
232	5.540350439663388E-4	94769.68867354516	94822.19440217609	0.001 s
233	5.406452012515217E-4	94759.26225623157	94810.49339664454	0.001 s
234	5.16033461434473E-4	94783.36970194663	94832.28109230036	0.012 s
235	5.821427237477916E-4	94765.53075075352	94820.69781494216	0.008 s
236	6.239293498522258E-4	94787.85102646425	94846.99194872908	0.002 s
237	5.38949172990355E-4	94784.09312401341	94835.17693261524	0.001 s
238	5.280636688129725E-4	94773.6037651967	94823.65026210758	0.001 s
239	5.363834598459682E-4	94784.41945131648	94835.26024616127	0.002 s
240	5.154097952475567E-4	94774.97622934375	94823.82418043671	0.016 s
241	5.33904659887785E-4	94784.74824669119	94835.35426546639	0.002 s
242	5.03024121491169E-4	94776.33252705185	94824.00730845943	0.002 s
243	5.315095586655438E-4	94785.07925664014	94835.45843228391	0.001 s
244	4.90898601682277E-4	94777.6728996803	94824.19912677744	0.002 s
245	5.291950808843371E-4	94785.41224216708	94835.57221606522	0.002 s
246	4.815753547320334E-4	94778.75602923827	94824.39914229412	0.001 s
247	6.326909947198534E-4	94789.71961064113	94849.69221263079	0.001 s
248	5.510416350176239E-4	94786.07742726308	94838.3085023455	0.013 s
249	4.7069359496521024E-4	94782.57601374514	94827.18956518911	0.001 s
250	5.694048022304443E-4	94762.37187663928	94816.33002625659	0.002 s
251	5.727071022132435E-4	94786.76975417939	94841.05481041347	0.001 s
252	4.929402303972541E-4	94783.26753935179	94829.99002509045	0.001 s
253	5.076256006375512E-4	94771.07150864178	94819.17973073942	0.002 s
254	4.9090122765727E-4	94783.586455811	94830.11583476391	0.001 s
255	4.975985890058876E-4	94772.22666870849	94819.38519497578	0.001 s
256	4.5663456127997826E-4	94795.99139544342	94839.27852138538	0.001 s
257	5.620341623864267E-4	94775.37980292675	94828.64680412915	0.001 s
258	5.62215670933286E-4	94799.38682100816	94852.68452187379	0.001 s
259	4.6177355762377914E-4	94773.05013849236	94816.81382702167	0.002 s
260	5.037349868988183E-4	94779.812333463	94827.55624098708	0.002 s
261	4.5082770768978264E-4	94774.3332443164	94817.06013972075	0.001 s
262	5.018406582655288E-4	94780.16910849593	94827.73365095186	0.001 s
263	4.4468310297740565E-4	94775.16751164595	94817.31242722024	0.001 s
264	5.426340437881816E-4	94805.02353471292	94856.467968005	0.002 s
265	4.669984699763319E-4	94801.62486782072	94845.89708158527	0.007 s
266	5.041038531841124E-4	94787.77378882396	94835.55667082565	0.002 s
267	5.792437646083837E-4	94803.89692989568	94858.8114960529	0.003 s
268	4.401087872472065E-4	94782.36856106116	94824.08311434099	0.002 s
269	5.656635055051318E-4	94760.42006733482	94814.02257873326	0.005 s
270	5.344646451375112E-4	94786.22097615078	94836.88086010872	0.002 s
271	4.606800398128108E-4	94782.97876635377	94826.64339278544	0.002 s
272	4.74248328261373E-4	94771.67995770741	94816.62526849388	0.002 s
273	4.5910842554519604E-4	94783.28215258043	94826.7979560175	0.002 s
274	4.6931346594858425E-4	94772.37020998969	94816.8481595291	0.002 s
275	5.521188171677682E-4	94787.11917676317	94839.45292888577	0.002 s
276	4.7934363906487754E-4	94783.89871339923	94829.33277233328	0.002 s
277	4.384341228127475E-4	94777.87120126531	94819.4250540875	0.001 s
278	4.776489472289036E-4	94784.18681275117	94829.46037979622	0.002 s
279	4.282997177349479E-4	94779.02576649416	94819.61959647715	0.002 s
280	4.760101375340664E-4	94784.47654415465	94829.59491587053	0.003 s
281	4.183517917091262E-4	94780.16866424051	94819.82011761969	0.003 s
282	4.7442536295649873E-4	94784.76775191366	94829.73604975712	0.003 s
283	4.085854966218161E-4	94781.30004337229	94820.02630792098	0.002 s
284	4.7289284667129117E-4	94785.06028809113	94829.88346507268	0.002 s
285	4.031037225999956E-4	94782.03088206284	94820.237871547	0.002 s
286	5.574594560555646E-4	94757.96574806917	94810.78947211202	0.002 s
287	4.922874577009129E-4	94785.6336249318	94832.29540353558	0.002 s
288	4.229364819230419E-4	94782.60326858537	94822.69028935929	0.002 s
289	4.642426464553928E-4	94769.28316693226	94813.27910975236	0.002 s
290	5.115378222824152E-4	94786.22742160907	94834.7141619667	0.001 s
291	4.4262016236928936E-4	94783.19657794504	94825.14953180426	0.002 s
292	4.325933501951873E-4	94774.77671774178	94815.77565591612	0.002 s
293	4.129069189282575E-4	94794.0254553185	94833.16656430205	0.002 s
294	4.574567464179502E-4	94780.51038104435	94823.86836494709	0.002 s
295	5.001883233717308E-4	94797.51719627899	94844.9338074652	0.002 s
296	4.324245370794788E-4	94794.49625900653	94835.48772516902	0.004 s
297	4.2577911006946856E-4	94785.86858164959	94826.22642442145	0.002 s
298	4.311256496334348E-4	94794.69178907307	94835.56021215244	0.002 s
299	4.163792419797918E-4	94786.8901794222	94826.35747290473	0.003 s
300	4.29872029052758E-4	94794.88974362424	94835.63941522216	0.001 s
301	4.0714138100983455E-4	94787.90238153988	94826.49445901852	0.001 s
302	4.286622348286251E-4	94795.08997562148	94835.72505074121	0.001 s
303	3.9806158607658126E-4	94788.90529342473	94826.6371154083	0.002 s
304	4.2749487829563115E-4	94795.2923444709	94835.8168464347	0.002 s
305	3.8913603872070546E-4	94789.89901979451	94826.78518560981	0.003 s
306	4.263686204915018E-4	94795.49671572921	94835.9145408927	0.002 s
307	3.8455294431360976E-4	94790.48646290734	94826.93842356958	0.002 s
308	5.101715195738876E-4	94798.85246610372	94847.21614072021	0.002 s
309	4.449550064797858E-4	94795.92501093599	94838.1049323635	0.002 s
310	3.805755052523896E-4	94793.08812635558	94829.1640537637	0.002 s
311	4.561150576283257E-4	94777.16143536376	94820.3907258137	0.002 s
312	4.6340344267803424E-4	94796.37303795373	94840.3020035729	0.001 s
313	3.9939643257191904E-4	94793.53616026674	94831.39636044003	0.002 s
314	4.0543861508046675E-4	94784.22652594601	94822.65571148017	0.002 s
315	3.7202383494250313E-4	94803.54875623669	94838.81793601114	0.002 s
316	4.5002065268895386E-4	94787.48670323256	94830.14302986549	0.002 s
317	4.536940620198937E-4	94806.7216836525	94849.73493031994	0.002 s
318	3.9068282094656404E-4	94803.89392522133	94840.93217793676	0.001 s
319	4.061921615323705E-4	94793.78511523217	94832.28960770796	0.002 s
320	3.8973093260130653E-4	94804.01989156839	94840.96795065509	0.002 s
321	3.9756725841533225E-4	94794.6891388992	94832.37640357249	0.007 s
322	3.88815118682162E-4	94804.14862617529	94841.00991247492	0.001 s
323	3.890812123634735E-4	94795.58557389755	94832.46875525935	0.001 s
324	3.879342741768266E-4	94804.27999842128	94841.05782797132	0.002 s
325	3.8073087016665674E-4	94796.47449548429	94832.56643970769	0.002 s
326	3.870873316673684E-4	94804.41388281828	94841.11147041846	0.002 s
327	3.7932514244443105E-4	94796.71046652051	94832.66924222148	0.007 s
328	4.6620046080136923E-4	94807.50009274868	94851.69939297935	0.002 s
329	4.050356398896948E-4	94804.73882900682	94843.13812706301	0.001 s
330	3.5248299040535613E-4	94801.31127780321	94834.72712749676	0.002 s
331	4.040837864247582E-4	94804.86543160958	94843.17454060467	0.003 s
332	3.448144860656033E-4	94802.12268589601	94834.81183110789	0.003 s
333	3.781736855981155E-4	94814.27565507405	94850.13191914583	0.002 s
334	3.7775321916955207E-4	94806.01586670057	94841.82914439085	0.002 s
335	4.626336894868466E-4	94816.58437826713	94860.4497245226	0.001 s
336	3.570652113369377E-4	94798.7948228344	94832.6441745423	0.001 s
337	4.27551466262166E-4	94783.99601275456	94824.521049228	0.003 s
338	4.3361620012194457E-4	94801.78016289082	94842.88775056985	0.002 s
339	3.7456437544403087E-4	94799.1438880747	94834.65227019777	0.002 s
340	3.633409038348301E-4	94792.11570966175	94826.55756266012	0.003 s
341	3.7384623949976437E-4	94799.30130238878	94834.74166468787	0.003 s
342	3.5559659536366084E-4	94792.9835636827	94826.69162590231	0.003 s
343	3.731569512046562E-4	94799.46056841017	94834.83564609173	0.002 s
344	3.5596564210260695E-4	94793.08667669844	94826.8297586642	0.002 s
345	4.48352043519451E-4	94802.41497641068	94844.91983289593	0.002 s
346	3.902767223746828E-4	94799.80811705317	94836.80627544684	0.002 s
347	3.402042515521231E-4	94796.57815594689	94828.82835486814	0.002 s
348	3.654954940430777E-4	94808.83141380116	94843.48361447839	0.002 s
349	3.5179494915427156E-4	94802.20945008332	94835.56038853653	0.002 s
350	4.397349059110933E-4	94811.69460583414	94853.38661744092	0.002 s
351	3.824806423322613E-4	94809.09636675101	94845.3590108283	0.003 s
352	3.3081734850037847E-4	94806.09994270327	94837.46344530798	0.002 s
353	3.817206939227269E-4	94809.18915898938	94845.3797884654	0.003 s
354	3.2542398761448155E-4	94806.6744358024	94837.52680184976	0.002 s
355	4.1780377337552466E-4	94790.19880743674	94829.80251017751	0.002 s
356	3.984658757976156E-4	94809.4632901421	94847.24162596591	0.001 s
357	3.424533565492549E-4	94806.94910083694	94839.41605878071	0.001 s
358	3.6470207345140615E-4	94797.14474702827	94831.71746227478	0.001 s
359	3.4190492515806525E-4	94807.04956169405	94839.4645588789	0.002 s
360	3.5728749020158546E-4	94797.93631756309	94831.80643430629	0.002 s
361	3.4138150397966527E-4	94807.15229777439	94839.51770601382	0.003 s
362	3.50018248490791E-4	94798.7183248366	94831.89960618383	0.002 s
363	4.131856357585395E-4	94809.91503139303	94849.08912641149	0.002 s
364	3.58051730165343E-4	94807.42780365708	94841.37376721471	0.002 s
365	3.321566837668488E-4	94802.29175833112	94833.78097317507	0.002 s
366	3.5743537554244753E-4	94807.5250673412	94841.41263066788	0.002 s
367	3.2744162885967043E-4	94802.81683433398	94833.8592230987	0.002 s
368	3.3417154831560936E-4	94816.01868201178	94847.70349777986	0.003 s
369	3.491266225397194E-4	94807.0994195973	94840.19910201045	0.001 s
370	4.122422828425343E-4	94817.9658146164	94857.0537892983	0.022 s
371	3.153397893342902E-4	94801.98749093084	94831.8823296947	0.012 s
372	3.943617682446998E-4	94787.14470521107	94824.52513120389	0.017 s
373	3.850297493326327E-4	94804.66901622181	94841.1716341687	0.002 s
374	3.316198885587873E-4	94802.28380856491	94833.72213135663	0.002 s
375	3.4244848741593614E-4	94793.92613020993	94826.38816682945	0.024 s
376	3.311834263663993E-4	94802.40732086368	94833.80430694799	0.019 s
377	3.3552013453208573E-4	94794.70151378862	94826.50704479346	0.002 s
378	3.30768556731309E-4	94802.53258715101	94833.89028402933	0.001 s
379	3.300944342439216E-4	94795.33792487011	94826.62933831138	0.002 s
380	3.993308420000563E-4	94805.18956315515	94843.04819932938	0.004 s
381	3.4672017139292244E-4	94802.82839553095	94835.69844844079	0.004 s
382	3.239190178436768E-4	94797.75361237675	94828.46040762066	0.005 s
383	3.243706658435652E-4	94811.00558948767	94841.75949850003	0.004 s
384	3.3025879395465196E-4	94803.25696015859	94834.56656946523	0.140 s
385	3.2399145860328993E-4	94811.08331785322	94841.80129902913	0.003 s
386	3.2951924476964933E-4	94803.40413599144	94834.64368212393	0.001 s
387	3.913913305138017E-4	94813.64762831524	94850.75686801135	0.005 s
388	3.3971584835090773E-4	94811.30495377003	94843.51385666565	0.010 s
389	3.07004286350665E-4	94807.27251255742	94836.37875159598	0.009 s
390	3.3925224187214553E-4	94811.37838552147	94843.54335819375	0.007 s
391	3.005170690471015E-4	94807.95162586289	94836.44303360785	0.002 s
392	3.388091345080113E-4	94811.45390665885	94843.5768932984	0.002 s
393	2.941165990812955E-4	94808.62620239658	94836.51099309881	0.005 s
394	3.383859807866152E-4	94811.53144261753	94843.61433567463	0.008 s
395	2.8799054810346725E-4	94809.27833345823	94836.58250949078	0.005 s
396	3.945828245170979E-4	94792.25062098839	94829.65401498074	0.002 s
397	3.537019491275384E-4	94811.74852034471	94845.28362059656	0.001 s
398	3.0353414755901476E-4	94809.49588024234	94838.27379975485	0.001 s
399	3.287120320147885E-4	94800.20410065481	94831.36606838016	0.004 s
400	3.68918626717063E-4	94811.97926168516	94846.9571668707	0.032 s
401	3.1897668834535153E-4	94809.72724511572	94839.9693379353	0.007 s
402	3.131419170776528E-4	94803.39546128474	94833.08237828496	0.029 s
403	2.9787002528136597E-4	94817.46684082251	94845.7101220675	0.035 s
404	3.2660616392443664E-4	94807.89914286518	94838.86398711397	0.039 s
405	2.9761945796935585E-4	94817.50707733381	94845.72661239616	0.002 s
406	3.2824293074518174E-4	94807.7925087668	94838.91249643736	0.002 s
407	3.6194487694563016E-4	94819.90808750398	94854.2276674687	0.002 s
408	3.128460965187152E-4	94817.67304164049	94847.33638053255	0.002 s
409	3.045946470612293E-4	94811.66357007009	94840.54269527251	0.001 s
410	3.1251597384307495E-4	94817.71020372107	94847.34225276296	0.002 s
411	2.9841505530403545E-4	94812.28671236428	94840.58012614705	0.028 s
412	3.122035009803792E-4	94817.7495894508	94847.3520228277	0.038 s
413	2.923142443389537E-4	94812.90598378977	94840.621146756	0.002 s
414	3.119082189706468E-4	94817.79112956871	94847.36557792667	0.002 s
415	2.862908030423217E-4	94813.52140984178	94840.66564902548	0.002 s
416	3.1162968148756853E-4	94817.83475685048	94847.3828084951	0.007 s
417	2.8034335256710285E-4	94814.13301609583	94840.7135280163	0.042 s
418	3.113674544457101E-4	94817.88040604291	94847.40360810088	0.018 s
419	2.7934208371460656E-4	94814.27906354496	94840.76468182448	0.002 s
420	3.73777423371191E-4	94820.21686778712	94855.65852413146	0.002 s
421	3.260285044066613E-4	94818.03396137775	94848.94734318096	0.002 s
422	2.7873131015576647E-4	94815.89996457973	94842.32812460046	0.002 s
423	3.327871913463287E-4	94804.25012569696	94835.79976582399	0.005 s
424	3.40597797579667E-4	94818.20048447515	94850.49535473062	0.005 s
425	2.9350118295079497E-4	94816.06720151482	94843.89582940121	0.002 s
426	2.9574562049816677E-4	94809.34668950636	94837.38613857207	0.002 s
427	2.737026543897514E-4	94823.3461574316	94849.29955897301	0.008 s
428	3.2975901802445584E-4	94811.56134702815	94842.82631439532	0.003 s
429	3.3491802082008526E-4	94825.58845474619	94857.34725315456	0.003 s
430	2.883622579641365E-4	94823.46111091902	94850.80461827293	0.005 s
431	2.966074789849671E-4	94816.2266711281	94844.3498730879	0.003 s
432	2.8815779283242193E-4	94823.47051376087	94850.79463573283	0.009 s
433	2.907786784418498E-4	94816.79768439257	94844.36838751733	0.003 s
434	2.879682548146967E-4	94823.48214985199	94850.78830252212	0.003 s
435	2.8502052240497733E-4	94817.36539182771	94844.39028684475	0.003 s
436	2.8779326446715103E-4	94823.49595689517	94850.7855203448	0.005 s
437	2.7933180839978533E-4	94817.92981282559	94844.41547662893	0.004 s
438	2.876324523692908E-4	94823.51187430148	94850.78619356416	0.001 s
439	2.8051626423031273E-4	94817.84591709138	94844.44386501041	0.005 s
440	3.4739495106816953E-4	94825.71136959096	94858.65334295221	0.002 s
441	3.018538934349557E-4	94823.62231898427	94852.24519857086	0.002 s
442	2.59607990625188E-4	94821.30449566433	94845.9208639929	0.001 s
443	3.0162253238463776E-4	94823.6360460667	94852.23699130084	0.002 s
444	2.5668991531468954E-4	94821.60024864889	94845.93999718671	0.002 s
445	3.340599789749543E-4	94808.05354019575	94839.72511656805	0.002 s
446	3.156733634701592E-4	94823.75452112165	94853.6878546482	0.003 s
447	2.709215154028666E-4	94821.71947543115	94847.40871936454	0.002 s
448	2.8754499414618273E-4	94813.9475402933	94841.21081628375	0.002 s
449	2.7081570266229704E-4	94821.73964324067	94847.41885928981	0.005 s
450	2.819944377945305E-4	94814.51004723573	94841.24721169127	0.002 s
451	2.7072278809492367E-4	94821.76175081001	94847.43216252327	0.002 s
452	2.8183385273017336E-4	94814.56458268836	94841.28653671964	0.002 s
453	2.959042816081947E-4	94836.01388186475	94864.07626442306	0.002 s
454	2.5407216182760095E-4	94833.78576469616	94857.8803896597	0.002 s
455	2.9568385667411157E-4	94835.96994189343	94864.01140723728	0.003 s
456	2.5188671377662786E-4	94833.95439676377	94857.84180989122	0.002 s
457	3.1944353374191437E-4	94821.46021390893	94851.75031623422	0.002 s
458	3.311526564007128E-4	94833.94704531545	94865.35155879646	0.002 s
459	2.615910359560214E-4	94820.13162161053	94844.93571807092	0.002 s
460	2.800494244659113E-4	94824.45083092822	94851.00636380872	0.002 s
461	2.563209574353298E-4	94820.65571101362	94844.96023227011	0.002 s
462	2.7994536962894223E-4	94824.46308576311	94851.00875513152	0.003 s
463	2.558085994033288E-4	94820.73163205844	94844.98759061162	0.002 s
464	3.366352361944269E-4	94826.54435302757	94858.46630918335	0.002 s
465	2.934554357032493E-4	94824.5592495444	94852.38603189435	0.002 s
466	2.506459108067016E-4	94822.61426241435	94846.38116293123	0.002 s
467	3.043937495765814E-4	94811.59082785409	94840.45088348951	0.002 s
468	3.0688677328960523E-4	94824.66660814366	94853.76704410728	0.002 s
469	2.6424141184411276E-4	94822.72236755083	94847.77845758414	0.003 s
470	2.6980423614397786E-4	94816.28186262329	94841.86369712526	0.002 s
471	2.641736279112017E-4	94822.73682318287	94847.78648957792	0.002 s
472	2.645940205239228E-4	94816.80768838676	94841.89564874629	0.002 s
473	2.641172501480771E-4	94822.75308652456	94847.79741132125	0.002 s
474	2.5944192693061474E-4	94817.33069586118	94841.93028684333	0.002 s
475	2.640720018340925E-4	94822.77111063783	94847.81114962447	0.002 s
476	2.572286977491345E-4	94817.57773889514	94841.96754094065	0.002 s
477	3.1932668527190344E-4	94824.798837214	94855.07892590825	0.002 s
478	2.773636774044963E-4	94822.87885681198	94849.17927919379	0.002 s
479	2.5248609168904146E-4	94819.41031466945	94843.35089699607	0.002 s
480	2.597618332349505E-4	94829.32090778636	94853.9539460298	0.003 s
481	2.5644856983975117E-4	94823.83732933458	94848.15476680441	0.002 s
482	2.597302161846393E-4	94829.31096512407	94853.94100256168	0.003 s
483	2.5790433714267813E-4	94823.70936366808	94848.16480957693	0.002 s
484	3.142256652712838E-4	94831.28212023847	94861.08054295123	0.002 s
485	2.7285930653153656E-4	94829.37495584867	94855.25003333794	0.001 s
486	2.3877744098488307E-4	94826.84632824174	94849.48883994465	0.001 s
487	2.727668058508659E-4	94829.36370799146	94855.23001063096	0.002 s
488	2.3388435736970692E-4	94827.31289399524	94849.49151913256	0.002 s
489	2.726851192722535E-4	94829.35434039278	94855.21289419159	0.003 s
490	2.319831650108295E-4	94827.49853351523	94849.49691675509	0.003 s
491	3.0922765010088504E-4	94814.52915559025	94843.84842963646	0.002 s
492	2.855989827732497E-4	94829.42254456005	94856.50573117576	0.002 s
493	2.45045330718785E-4	94827.56750270566	94850.80455534562	0.002 s
494	2.5947920294644433E-4	94820.56624739234	94845.17021234514	0.003 s
495	2.450640529700898E-4	94827.56396760262	94850.8027947618	0.004 s
496	2.592617646774986E-4	94820.60679647414	94845.19015432	0.002 s
497	2.982310792341014E-4	94829.4870752309	94857.76817550456	0.002 s
498	2.579827260074108E-4	94827.64003833468	94852.10393141262	0.002 s
499	2.4685234397758826E-4	94823.09804146757	94846.50534548234	0.003 s
500	2.4116140652341578E-4	94833.80687786997	94856.6771321226	0.002 s
501	2.5743711607040254E-4	94826.69357428042	94851.10548480068	0.007 s
502	3.2056069017016853E-4	94833.1555800627	94863.55536186646	0.003 s
503	2.2744007289698942E-4	94823.33673314439	94844.90335976331	0.002 s
504	2.909627628733258E-4	94811.82585031558	94839.41256111805	0.001 s
505	2.796618298750442E-4	94825.22991501691	94851.74891233326	0.003 s
506	2.4019053007573454E-4	94823.43233510619	94846.20802558235	0.003 s
507	2.5609935507442394E-4	94816.44807188417	94840.73050308583	0.002 s
508	2.4022491986586125E-4	94823.44315828147	94846.22211231558	0.002 s
509	2.513256106999595E-4	94816.93518226764	94840.76510640702	0.001 s
510	2.4026833417067905E-4	94823.45555449915	94846.23862820552	0.001 s
511	2.4660137782150926E-4	94817.41987096792	94840.80197734958	0.002 s
512	2.4032056167433424E-4	94823.4694861147	94846.2575155615	0.003 s
513	2.495048120052523E-4	94817.18371662381	94840.8410602219	0.003 s
514	2.6256696897997145E-4	94836.01437712637	94860.91518197152	0.002 s
515	2.2384046675671954E-4	94834.23202224684	94855.45976100722	0.002 s
516	2.7899423550548086E-4	94823.61030089931	94850.06554156308	0.003 s
517	2.840234024268362E-4	94835.18345582983	94862.11886730473	0.003 s
518	2.3378203462409708E-4	94821.87329618589	94844.04094665193	0.002 s
519	2.490560296688482E-4	94825.80780961708	94849.42474882028	0.003 s
520	2.2922269034797438E-4	94822.33068919055	94844.06611893619	0.002 s
521	2.490854370931217E-4	94825.81277932195	94849.4325083458	0.005 s
522	2.247097113428076E-4	94822.78590018899	94844.09350103735	0.002 s
523	2.491232411947486E-4	94825.81926078242	94849.44257622561	0.002 s
524	2.2564943204672616E-4	94822.72634627196	94844.12304061712	0.003 s
525	2.9933609410148776E-4	94827.64659911615	94856.03193646196	0.003 s
526	2.612338155869587E-4	94825.8945205037	94850.66625074574	0.002 s
527	2.234206557985008E-4	94824.17376539664	94845.35944448486	0.029 s
528	2.687849948979082E-4	94814.62620338508	94840.1109522054	0.029 s
529	2.732810574728184E-4	94825.97867240096	94851.89281612844	0.021 s
530	2.3559592556288145E-4	94824.25852106263	94846.59873001471	0.025 s
531	2.3713905142708214E-4	94818.8771709806	94841.3624295703	0.002 s
532	2.3565797201841043E-4	94824.26688484143	94846.61297927365	0.007 s
533	2.3266717626824196E-4	94819.3340796324	94841.39542634835	0.003 s
534	2.357279447398053E-4	94824.27668957581	94846.62942143128	0.013 s
535	2.2823969537677513E-4	94819.78883524906	94841.4304749685	0.004 s
536	2.3580566395553504E-4	94824.28790249341	94846.64800666136	0.004 s
537	2.2763671081538206E-4	94819.88304097703	94841.46752727238	0.004 s
538	2.8488889012123764E-4	94826.07386539172	94853.08876032979	0.004 s
539	2.477373142464323E-4	94824.37272619685	94847.86426162113	0.004 s
540	2.2322693537879523E-4	94821.52905009621	94842.695769434	0.012 s
541	2.3221624527169915E-4	94830.08254845886	94852.10363416707	0.013 s
542	2.2616338382563939E-4	94825.51206457174	94846.95812325327	0.003 s
543	2.808883993625777E-4	94831.83276857386	94858.46993028885	0.113 s
544	2.4407423002137385E-4	94830.13567532355	94853.28126767132	0.001 s
545	2.1483957995749314E-4	94827.77489128495	94848.14765061089	0.003 s
546	2.4410186466505834E-4	94830.12248604698	94853.27069577224	0.002 s
547	2.105677517254545E-4	94828.18735254719	94848.1551107582	0.006 s
548	2.441372692245647E-4	94830.110819021	94853.26238331663	0.015 s
549	2.078506703846461E-4	94828.45453944165	94848.16469728922	0.001 s
550	2.7241837446845274E-4	94817.29078960643	94843.12076183483	0.002 s
551	2.5581992600631764E-4	94830.16741033012	94854.4268567402	0.001 s
552	2.1965109770061275E-4	94828.51173853164	94849.34092522832	0.001 s
553	2.3366269665481276E-4	94822.15187691465	94844.30827662483	0.001 s
554	2.1976431754100467E-4	94828.50478471484	94849.34470635228	0.002 s
555	2.293787904776856E-4	94822.57909120528	94844.3293797072	0.002 s
556	2.198844840719527E-4	94828.49926500703	94849.35058064324	0.002 s
557	2.3048881651055453E-4	94822.49692555855	94844.3524506535	0.003 s
558	2.6731310321137514E-4	94830.20337912074	94855.55273506418	0.002 s
559	2.3151197357385023E-4	94828.55974714091	94850.51369415915	0.001 s
560	2.1923184056582556E-4	94824.73812524164	94845.52672711201	0.001 s
561	2.1660174823456835E-4	94834.05230246761	94854.5935239885	0.001 s
562	2.2908372966035095E-4	94827.90441676896	94849.62794678862	0.002 s
563	2.65091874691592E-4	94835.58638662838	94860.72653001109	0.001 s
564	2.045209696028838E-4	94824.71609596524	94844.1097388435	0.002 s
565	2.5915022087397155E-4	94814.63719965093	94839.20843382331	0.003 s
566	2.5119623283265113E-4	94826.39667512052	94850.2167087384	0.001 s
567	2.160114281739567E-4	94824.7923263727	94845.27556518941	0.001 s
568	2.2704575108689617E-4	94818.85665207205	94840.38487059782	0.002 s
569	2.1613939703013507E-4	94824.79835839481	94845.29373313549	0.001 s
570	2.2290143643921567E-4	94819.28404025771	94840.41939487243	0.002 s
571	2.1627379769917354E-4	94824.8056623034	94845.31378314008	0.002 s
572	2.1907496053086284E-4	94819.68306789311	94840.45568621876	0.002 s
573	2.017565135823407E-4	94830.20007598103	94849.33268653069	0.001 s
574	2.618800698350743E-4	94819.66352302297	94844.49490312813	0.002 s
575	2.4771902290954273E-4	94831.83352826994	94855.32517741228	0.001 s
576	2.1307151112037737E-4	94830.24325234062	94850.4488755703	0.003 s
577	2.2082704138637332E-4	94824.68166614613	94845.62152004888	0.001 s
578	2.1321138548957563E-4	94830.23133105514	94850.45021606353	0.002 s
579	2.1949632316009549E-4	94824.82509668573	94845.63879713874	0.002 s
580	2.5884349535010287E-4	94831.86436503356	94856.41097627637	0.001 s
581	2.2441891166535832E-4	94830.28001035433	94851.56171858717	0.002 s
582	2.064124466847339E-4	94827.1871577928	94846.76066950626	0.001 s
583	2.2451340194251657E-4	94830.26724399581	94851.55790990188	0.002 s
584	2.0244164252680719E-4	94827.57558335489	94846.77263351281	0.001 s
585	2.2461423117126067E-4	94830.25581542541	94851.55604042717	0.001 s
586	1.9850702849999458E-4	94827.96241080419	94846.78642784107	0.001 s
587	2.2472126543426896E-4	94830.24569833299	94851.55607114776	0.001 s
588	1.946081433368274E-4	94828.34764598477	94846.80201465586	0.002 s
589	2.248343735404834E-4	94830.23686693558	94851.55796383426	0.001 s
590	1.9116006491848303E-4	94828.69189799155	94846.8193568909	0.001 s
591	2.1073579134744946E-4	94835.4507390008	94855.43596276006	0.002 s
592	2.273368459930758E-4	94829.15847551113	94850.71663730712	0.001 s
593	2.5536480481580526E-4	94837.02496284162	94861.24300121056	0.001 s
594	2.2167633004599452E-4	94835.46480211118	94856.48757990672	0.002 s
595	1.929631981740787E-4	94833.47896765043	94851.778339046	0.002 s
596	2.2179477224959498E-4	94835.43824015802	94856.47224458368	0.001 s
597	1.891482855300719E-4	94833.84051094092	94851.77816928379	0.001 s
598	2.2191899735712894E-4	94835.41303059217	94856.45881036586	0.002 s
599	1.922143028445511E-4	94833.55143312445	94851.77979809944	0.001 s
600	1.993804727133952E-4	94833.92785068648	94852.83588405061	0.002 s
601	2.2466999853776315E-4	94826.89219595912	94848.19695369013	0.001 s
602	2.4342266013088754E-4	94835.48493352148	94858.57003953881	0.002 s
603	2.1026760905917818E-4	94833.95549623287	94853.8960053127	0.001 s
604	2.0439023438845183E-4	94829.88442866632	94849.26673097174	0.002 s
605	2.1040204854783084E-4	94833.93133857597	94853.88459200146	0.002 s
606	2.005684091732629E-4	94830.25003240684	94849.26998479734	0.002 s
607	2.1054210721693778E-4	94833.90849950544	94853.87503043654	0.001 s
608	1.967801742748243E-4	94830.6142079187	94849.27499270912	0.001 s
609	2.1068766768750358E-4	94833.88695473851	94853.86728519874	0.002 s
610	1.9302511690977298E-4	94830.97695989457	94849.28172030892	0.001 s
611	2.1083861491044686E-4	94833.86668045653	94853.86132155404	0.003 s
612	1.9146539942305196E-4	94831.13325306294	94849.29013386898	0.001 s
613	2.541220716538728E-4	94835.4032938499	94859.50306300107	0.002 s
614	2.2148442206915142E-4	94833.89384289172	94854.89807306208	0.001 s
615	1.8905925829648673E-4	94832.40740061816	94850.3363452238	0.002 s
616	2.2865389417581206E-4	94824.13561555019	94845.81752342053	0.002 s
617	2.3208022688292473E-4	94833.9278816676	94855.93696116656	0.001 s
618	1.997490893057563E-4	94832.44199227367	94851.38468619826	0.002 s
619	2.0795719909161292E-4	94827.15499386509	94846.87498341543	0.001 s
620	1.8634510355641787E-4	94837.39914006995	94855.07162503373	0.001 s
621	2.274011130547482E-4	94829.01520282743	94850.57942643444	0.002 s
622	2.2904934607104188E-4	94838.89298561179	94860.61577203225	0.001 s
623	1.969738906919538E-4	94837.41020266413	94856.09069633491	0.001 s
624	2.0625308602562065E-4	94832.048152456	94851.60755504157	0.002 s
625	1.9713726435255374E-4	94837.37492460033	94856.07090525134	0.002 s
626	2.0253766283762076E-4	94832.39439524432	94851.60152676643	0.002 s
627	1.973057454565108E-4	94837.3409633042	94856.05291556008	0.001 s
628	1.9885387875873128E-4	94832.7393530044	94851.59721105808	0.001 s
629	1.9747922855506417E-4	94837.30829592119	94856.03669440172	0.002 s
630	1.952013571944189E-4	94833.08302944328	94851.59457595757	0.002 s
631	1.9765761023293749E-4	94837.2769000157	94856.02220952875	0.002 s
632	1.9518016945174743E-4	94833.08405269022	94851.59359010526	0.002 s
633	2.3964814365462495E-4	94838.75203561169	94861.47996648354	0.001 s
634	2.0805714272875697E-4	94837.28807549189	94857.01965067301	0.002 s
635	1.8463526718814904E-4	94835.09000771848	94852.59990990086	0.001 s
636	1.949683978268446E-4	94842.10677985387	94860.59799345926	0.001 s
637	1.9423539463603312E-4	94837.77417844476	94856.1950309387	0.001 s
638	2.509316352523605E-4	94842.20317796056	94866.00208709495	0.001 s
639	1.8427689967936978E-4	94833.82090955655	94851.29659205851	0.001 s
640	2.2081416231345408E-4	94826.0050553553	94846.94398022714	0.004 s
641	2.256770014645859E-4	94835.27844016452	94856.68058143595	0.004 s
642	1.9456697262998368E-4	94833.84547137255	94852.29700558877	0.004 s
643	1.9377449227531152E-4	94829.57733107063	94847.95288427063	0.003 s
644	1.947488606237613E-4	94833.82418745891	94852.29296666801	0.003 s
645	1.902254027548178E-4	94829.92269766393	94847.9617579023	0.018 s
646	1.949353239856233E-4	94833.80405227558	94852.29051059329	0.002 s
647	1.86705659600106E-4	94830.26678621373	94847.9721337241	0.001 s
648	1.951262692689859E-4	94833.7850458773	94852.28960855395	0.002 s
649	1.8752509597064204E-4	94830.20094118403	94847.98398371643	0.002 s
650	2.3598831237969797E-4	94835.23051383	94857.6105198331	0.002 s
651	2.0524266051058504E-4	94833.81087292988	94853.2748165798	0.004 s
652	1.8360537878980843E-4	94831.5659743418	94848.97755993374	0.003 s
653	1.924892377855869E-4	94838.51242688403	94856.76781985379	0.002 s
654	1.866215683279382E-4	94834.78822756537	94852.48644447645	0.006 s
655	2.3306553453883438E-4	94839.93386089812	94862.03778077904	0.003 s
656	2.025512323013956E-4	94838.51715995025	94857.72681847063	0.003 s
657	1.7629889419534805E-4	94836.73414361804	94853.45375497665	0.004 s
658	2.0270345914097376E-4	94838.48221854647	94857.70630695185	0.001 s
659	1.7288048000096978E-4	94837.05026889622	94853.44574366858	0.004 s
660	2.0286023003546205E-4	94838.44846241179	94857.68741188307	0.008 s
661	1.7270942258007516E-4	94837.06001811511	94853.43927199002	0.002 s
662	2.2549723276377165E-4	94827.8448726711	94849.22828927885	0.004 s
663	2.1279610689250994E-4	94838.45639819122	94858.63765249644	0.004 s
664	1.8272656516415964E-4	94837.06848929939	94854.39774107467	0.012 s
665	1.9238206671046143E-4	94831.95075092105	94850.19471759669	0.003 s
666	1.829350155917453E-4	94837.03842001967	94854.38743512171	0.011 s
667	1.890647993258998E-4	94832.26705773488	94850.19650127577	0.002 s
668	2.2276917649644012E-4	94838.43477907023	94859.56185908617	0.004 s
669	1.9286757598480087E-4	94837.0514477248	94855.34243995107	0.003 s
670	1.8356360535642935E-4	94833.75140001935	94851.1594253358	0.002 s
671	1.8049205859016482E-4	94841.61766340249	94858.73582221458	0.005 s
672	1.909680750156184E-4	94836.45711886413	94854.56785452142	0.017 s
673	1.8070231509814683E-4	94841.57415444563	94858.71224646289	0.006 s
674	1.9028011903121644E-4	94836.51066900595	94854.55617154455	0.003 s
675	2.2345700911552413E-4	94842.62803005561	94863.82128005185	0.007 s
676	1.706701093360241E-4	94833.7464986749	94849.93178455856	0.003 s
677	2.1542608666869079E-4	94825.39277870243	94845.82064198557	0.001 s
678	2.0984951390357054E-4	94835.12172103015	94855.0228252243	0.001 s
679	1.8046335416777026E-4	94833.76997514236	94850.88399536046	0.001 s
680	1.8772516243648063E-4	94828.978624454	94846.78040986996	0.002 s
681	1.806773521395577E-4	94833.7500464154	94850.88435726725	0.003 s
682	1.8438699187917074E-4	94829.30700409134	94846.79229475181	0.004 s
683	1.8089519309083535E-4	94833.7311441427	94850.88611024954	0.007 s
684	1.8350317735049693E-4	94829.40400575665	94846.80550269796	0.002 s
685	1.9779932306596137E-4	94843.10722905393	94861.86713146132	0.001 s
686	1.6874634337038508E-4	94841.76047896151	94857.76467924115	0.001 s
687	2.0581040692335684E-4	94834.1789061996	94853.69676715053	0.002 s
688	2.0868819292330087E-4	94842.97561701655	94862.76822620953	0.002 s
689	1.7533349258003206E-4	94832.52938995276	94849.15670854089	0.002 s
690	1.8802369269099728E-4	94835.37872710745	94853.21002521347	0.002 s
691	1.7208340347973916E-4	94832.84327023322	94849.16242866481	0.002 s
692	1.8822421692199498E-4	94835.35554566798	94853.20585620208	0.002 s
693	1.6885847398251386E-4	94833.1560856324	94849.16946765197	0.002 s
694	1.884284577400308E-4	94835.33337280115	94853.20304840784	0.003 s
695	1.6648185311129993E-4	94833.38976419323	94849.177802658	0.001 s
696	2.2658238498940442E-4	94836.67880336959	94858.16712423734	0.002 s
697	1.9788192642522517E-4	94835.34947514824	94854.1156767956	0.002 s
698	1.6934618155106662E-4	94834.03799546452	94850.09777768012	0.001 s
699	1.9935420148198268E-4	94827.20898103804	94846.11318356323	0.001 s
700	2.0729612937153696E-4	94835.37099838122	94855.03000371669	0.001 s
701	1.7883319411771126E-4	94834.05996839263	94851.01944624793	0.002 s
702	1.7898746299427337E-4	94830.06857186268	94847.04196525192	0.003 s
703	1.7904669910140392E-4	94834.03955091594	94851.01927265998	0.002 s
704	1.7578033860465858E-4	94830.38330243347	94847.05261932038	0.003 s
705	1.7926376729837656E-4	94834.02010465314	94851.02040836516	0.001 s
706	1.7259758824805793E-4	94830.69697113232	94847.06452072143	0.002 s
707	1.7948432925996016E-4	94834.00161418553	94851.0228313563	0.003 s
708	1.6943895323051628E-4	94831.00958100765	94847.07764800484	0.002 s
709	1.7970831674785082E-4	94833.9840643485	94851.02651999518	0.001 s
710	1.718790347435828E-4	94830.79255499426	94847.09198008258	0.002 s
711	1.9597648462532646E-4	94843.01571241436	94861.60271322494	0.002 s
712	1.6797914687693982E-4	94841.71649276283	94857.64792338763	0.001 s
713	1.9416727304499837E-4	94835.31129525835	94853.72520904092	0.001 s
714	2.0522006353096423E-4	94843.00367739052	94862.46736463066	0.001 s
715	1.772928547585373E-4	94841.70500365872	94858.51976028898	0.002 s
716	1.736370899476647E-4	94838.13659724058	94854.60401529538	0.002 s
717	1.7750250331394213E-4	94841.6633651241	94858.49799778988	0.002 s
718	1.7050569756471567E-4	94838.42226183525	94854.59275317893	0.002 s
719	1.777155944577835E-4	94841.62278210817	94858.47761748022	0.002 s
720	1.6739767057027954E-4	94838.70703542957	94854.5828140672	0.002 s
721	1.7793206244842708E-4	94841.58323904999	94858.45859756159	0.002 s
722	1.645687272950891E-4	94838.96664864625	94854.57417668561	0.002 s
723	2.1473695124107905E-4	94842.86124013725	94863.22750700694	0.002 s
724	1.871037138225784E-4	94841.57362518241	94859.31883583247	0.003 s
725	1.5962323393647893E-4	94840.30257525166	94855.44129105622	0.002 s
726	1.9624652181815527E-4	94832.98401208043	94851.59465534643	0.002 s
727	1.9623814023672637E-4	94841.5692372563	94860.18077042056	0.002 s
728	1.6882513492122442E-4	94840.29867039737	94856.31009661638	0.002 s
729	1.7718964672508442E-4	94835.6662292898	94852.4701274859	0.002 s
730	1.6904960243246947E-4	94840.26119728028	94856.29390573027	0.001 s
731	1.7409817996894006E-4	94835.95326891539	94852.46403577512	0.001 s
732	1.6927731323113093E-4	94840.22472607218	94856.27902450004	0.002 s
733	1.7102937450963474E-4	94836.2394151643	94852.45919787232	0.002 s
734	1.6950820547889656E-4	94840.18924214195	94856.26543242765	0.002 s
735	1.679829985121728E-4	94836.5246699819	94852.45559376443	0.002 s
736	1.697422183783992E-4	94840.15473108676	94856.25310934217	0.003 s
737	1.691208934690991E-4	94836.41438462569	94852.45320375983	0.002 s
738	2.0583096677251334E-4	94841.40801081798	94860.9293095189	0.001 s
739	1.7877242996444664E-4	94840.15130267957	94857.10610698615	0.002 s
740	1.5706510282198494E-4	94838.41694871432	94853.31275442384	0.001 s
741	1.78976439993761E-4	94840.11660490758	94857.09075134611	0.002 s
742	1.5408797156601928E-4	94838.69374844647	94853.30725039214	0.001 s
743	1.7918363848123953E-4	94840.0828578965	94857.07664901683	0.001 s
744	1.524114519106945E-4	94838.84841933157	94853.30294591669	0.002 s
745	2.038415354801426E-4	94830.22823422699	94849.55857356018	0.001 s
746	1.8811238700000565E-4	94840.0820977461	94857.92269197278	0.001 s
747	1.6140423799626546E-4	94838.8480914569	94854.15548346554	0.002 s
748	1.715593067730392E-4	94834.14773610412	94850.41741674814	0.002 s
749	1.6165122920153152E-4	94838.81731176445	94854.14812315891	0.002 s
750	1.7160892548107043E-4	94834.14523429297	94850.41962005555	0.002 s
751	1.971515090262166E-4	94840.0510752704	94858.74893445602	0.001 s
752	1.7057586076485443E-4	94838.82069314603	94854.9979066197	0.002 s
753	1.669554920604721E-4	94835.44238280295	94851.27568075075	0.002 s
754	1.596070947411654E-4	94842.87859109748	94858.0161874063	0.002 s
755	1.7094977627740704E-4	94838.09333385207	94854.30588469007	0.002 s
756	1.9489125073390845E-4	94844.09455094792	94862.57883515969	0.002 s
757	1.6848857471529755E-4	94842.86638741713	94858.84632679666	0.002 s
758	1.6278513809053763E-4	94839.70377045986	94855.1422647346	0.002 s
759	1.687041325599825E-4	94842.82400866714	94858.82438502106	0.001 s
760	1.5985105737015282E-4	94839.96945320063	94855.12972259866	0.001 s
761	1.6892269556034734E-4	94842.78258782336	94858.80368631253	0.001 s
762	1.5693772463065692E-4	94840.23436280189	94855.11837338621	0.003 s
763	1.6914420864622137E-4	94842.74211163925	94858.78421219956	0.002 s
764	1.5404493535986497E-4	94840.49850058471	94855.10819904573	0.002 s
765	1.6936861764249578E-4	94842.70256706593	94858.7659444932	0.003 s
766	1.5117248761442603E-4	94840.76186790473	94855.09918180354	0.001 s
767	1.6959586925491266E-4	94842.66394124886	94858.74886528242	0.001 s
768	1.4832018197563634E-4	94841.02446615095	94855.09130415852	0.001 s
769	1.6982591105141331E-4	94842.6262215244	94858.73295692899	0.001 s
770	1.4914804413979077E-4	94840.93920829089	94855.08454887818	0.003 s
771	2.044283664668356E-4	94843.82167352916	94863.21044106335	0.003 s
772	1.7848603619996517E-4	94842.61263934842	94859.54072134125	0.001 s
773	1.5267824702513977E-4	94841.41817927189	94855.89840074487	0.001 s
774	1.7890824771882308E-4	94835.31647955517	94852.28329984838	0.002 s
775	1.8711275007832207E-4	94842.60369480074	94860.34995520266	0.001 s
776	1.61364516225726E-4	94841.40967924369	94856.71371743474	0.011 s
777	1.6213169733747534E-4	94837.72832849095	94853.10453035648	0.002 s
778	1.5076056039808883E-4	94845.33697107385	94859.63590722675	0.002 s
779	1.782245482910838E-4	94839.13526351811	94856.03792556077	0.028 s
780	1.8499162801877134E-4	94846.50589525436	94864.05170479183	0.009 s
781	1.594057770157864E-4	94845.31398545299	94860.43287642514	0.005 s
782	1.596648393280553E-4	94841.69789047519	94856.84077493048	0.002 s
783	1.5963978128552547E-4	94845.26749398443	94860.40857174314	0.002 s
784	1.5683225351326158E-4	94841.95103213078	94856.82530903873	0.001 s
785	1.598764716879142E-4	94845.22192602367	94860.38544546167	0.001 s
786	1.5401908666956565E-4	94842.20346628071	94856.81097583631	0.001 s
787	1.6011579918773222E-4	94845.17726935625	94860.36348071384	0.001 s
788	1.5134571675878838E-4	94842.44376119724	94856.79775882744	0.001 s
789	1.9397773742424462E-4	94846.33868733523	94864.73676551676	0.013 s
790	1.6863882745798975E-4	94845.15611229303	94861.15068820988	0.001 s
791	1.4610614393295585E-4	94843.73352160779	94857.59077378885	0.002 s
792	1.5820583134185107E-4	94849.00520172023	94864.01086744011	0.002 s
793	1.5318016091536713E-4	94845.93332243469	94860.46183776319	0.005 s
794	1.5844524623664924E-4	94848.95122517068	94863.97959060283	0.002 s
795	1.5272331983773313E-4	94845.95399789452	94860.43918686226	0.005 s
796	2.0036554023072917E-4	94849.30150931816	94868.30604085558	0.004 s
797	1.4992913347855463E-4	94842.27889737906	94856.49851807128	0.002 s
798	1.741075677526016E-4	94836.47885914982	94852.99060781821	0.003 s
799	1.8331749248923224E-4	94843.42566603355	94860.81212500574	0.013 s
800	1.58349756525622E-4	94842.26609292196	94857.28434266611	0.003 s
801	1.5074869054521045E-4	94839.48508571477	94853.78201390342	0.004 s
802	1.5859093110059952E-4	94842.22947259259	94857.27059007231	0.007 s
803	1.480167148033562E-4	94839.73879211504	94853.77665868386	0.004 s
804	1.5883455655840706E-4	94842.19368327306	94857.25790104976	0.003 s
805	1.4613327028167866E-4	94839.91305808412	94853.77232473252	0.004 s
806	1.7331595089720153E-4	94850.14089885126	94866.57994121387	0.002 s
807	1.4858903751169272E-4	94848.98513164338	94863.07865105306	0.002 s
808	1.6645782011504018E-4	94843.81488660313	94859.60238128055	0.038 s
809	1.8813524594141207E-4	94849.48472360452	94867.32925474041	0.003 s
810	1.406073111347439E-4	94842.38765965286	94855.72319276328	0.003 s
811	1.6507038377944205E-4	94843.51926060031	94859.17511672365	0.004 s
812	1.405499415865208E-4	94842.38363571547	94855.7137271954	0.005 s
813	1.8918989012894905E-4	94834.33527836778	94852.27697583956	0.002 s
814	1.7329486942285754E-4	94843.5042972376	94859.94018993039	0.001 s
815	1.488281478965181E-4	94842.3690717018	94856.48428583286	0.002 s
816	1.5793053352330944E-4	94838.07504653884	94853.05287432927	0.002 s
817	1.8148926124794684E-4	94843.49351255996	94860.70658813172	0.001 s
818	1.5707606242454375E-4	94842.35870116876	94857.2561654246	0.001 s
819	1.4961583554162772E-4	94839.64057893965	94853.83009100733	0.001 s
820	1.573090662740917E-4	94842.32115925643	94857.24071624127	0.001 s
821	1.4693854184955057E-4	94839.8870478744	94853.8226825864	0.001 s
822	1.575444566681572E-4	94842.28442788278	94857.22630405214	0.001 s
823	1.4427881112588636E-4	94840.13284987374	94853.81627148835	0.002 s
824	1.5778219145734518E-4	94842.24849662706	94857.2129144376	0.001 s
825	1.4163648286569241E-4	94840.37798602942	94853.81084360101	0.002 s
826	1.5802222913796626E-4	94842.21335521268	94857.20053318344	0.001 s
827	1.3901139843008892E-4	94840.62245745808	94853.80638501387	0.001 s
828	1.5826452883205278E-4	94842.17899350508	94857.1891462769	0.002 s
829	1.3640340102716308E-4	94840.86626530046	94853.8028820154	0.002 s
830	1.5850905028602646E-4	94842.14540150944	94857.17873990412	0.002 s
831	1.3873678881837215E-4	94840.64243490793	94853.80032108881	0.001 s
832	1.4238855619974622E-4	94841.05975407391	94854.56403564074	0.002 s
833	1.6386976940618858E-4	94835.66579421448	94851.20649289967	0.002 s
834	1.744020328473539E-4	94842.16154689385	94858.70221266727	0.001 s
835	1.5049406865808024E-4	94841.05339962922	94855.32641563115	0.001 s
836	1.5143500590530934E-4	94837.61223487943	94851.97396924827	0.002 s
837	1.406598877631282E-4	94844.70428854327	94858.04513400342	0.001 s
838	1.6331792348300844E-4	94839.21341719857	94854.70236059862	0.002 s
839	1.7249747754299882E-4	94845.79174444878	94862.15240428026	0.001 s
840	1.4872959475820124E-4	94844.68539798804	94858.79160961225	0.001 s
841	1.497037269608814E-4	94841.2558162627	94855.45390572803	0.001 s
842	1.489744288272199E-4	94844.64342642343	94858.7728530052	0.002 s
843	1.4709478649033159E-4	94841.49209230316	94855.44278133291	0.001 s
844	1.492214491616295E-4	94844.6022487312	94858.75509772392	0.002 s
845	1.4450251722331053E-4	94841.72775317502	94855.43262157316	0.001 s
846	1.4947061733061595E-4	94844.56185511044	94858.73833032139	0.001 s
847	1.419267707620797E-4	94841.96279976593	94855.42341327883	0.001 s
848	1.4972189547424186E-4	94844.52223589167	94858.72253753617	0.002 s
849	1.4025197335287842E-4	94842.11334990818	94855.41514346247	0.004 s
850	1.8116066680251564E-4	94845.59987497963	94862.78216709627	0.001 s
851	1.5765968677450282E-4	94844.5040796798	94859.45723448528	0.002 s
852	1.351926914476831E-4	94843.3327082667	94856.1548336814	0.002 s
853	1.4799577644386552E-4	94848.0792361061	94862.11635123685	0.003 s
854	1.4123870007987094E-4	94845.42747744909	94858.82332233452	0.006 s
855	1.4824669633117793E-4	94848.03155446425	94862.09246179572	0.004 s
856	1.4161353388142395E-4	94845.37546988644	94858.80685867905	0.002 s
857	1.7943777074602707E-4	94849.0922034771	94866.11171313938	0.004 s
858	1.5612499218931042E-4	94848.00073281548	94862.80887618905	0.004 s
859	1.329210880873788E-4	94846.92106557926	94859.52822152904	0.002 s
860	1.6844280861083583E-4	94840.29445286412	94856.26961843125	0.002 s
861	1.6397554508995604E-4	94847.97379506587	94863.5265432696	0.001 s
862	1.4081971971746654E-4	94846.89452042672	94860.25083352916	0.003 s
863	1.4979889458910378E-4	94842.78970698868	94856.99705204654	0.002 s
864	1.4107484163305983E-4	94846.84860846831	94860.22911261514	0.004 s
865	1.47254852278067E-4	94843.01649080249	94856.98258518544	0.010 s
866	1.4133197064980507E-4	94846.80347316264	94860.20835880734	0.003 s
867	1.4472665599440937E-4	94843.24270606921	94856.96905142973	0.002 s
868	1.4159107163091988E-4	94846.75910528384	94860.18855954627	0.007 s
869	1.4417821635515082E-4	94843.28210322314	94856.95643847005	0.024 s
870	1.723413604854951E-4	94847.8058037617	94864.15200365298	0.005 s
871	1.49387905399756E-4	94846.73418677003	94860.9031417242	0.002 s
872	1.356346960932342E-4	94844.81154111543	94857.67578830483	0.002 s
873	1.4962455526656981E-4	94846.68985310396	94860.88124689173	0.001 s
874	1.332595643293022E-4	94845.0220230571	94857.66102937069	0.002 s
875	1.4022323408058313E-4	94850.1708202584	94863.47101796391	0.002 s
876	1.4548582210061056E-4	94846.46089432748	94860.25970966402	0.002 s
877	1.744351270258626E-4	94850.85063034786	94867.39595052609	0.002 s
878	1.3254642007098916E-4	94844.11015718308	94856.68140444923	0.005 s
879	1.6490802905533286E-4	94837.8573359375	94853.4968600706	0.002 s
880	1.629058314946974E-4	94845.14494207487	94860.59576927489	0.001 s
881	1.4025747255774768E-4	94844.0922524604	94857.39484512676	0.001 s
882	1.4190976070072026E-4	94840.75607073799	94854.21489973666	0.001 s
883	1.4051669954118218E-4	94844.05464337285	94857.38181690245	0.001 s
884	1.3944763287021544E-4	94840.98344553624	94854.2087961768	0.001 s
885	1.4077777013832282E-4	94844.01774057587	94857.36966990435	0.002 s
886	1.3951392530131557E-4	94840.9719058805	94854.20354215048	0.002 s
887	1.7091887990594579E-4	94845.04967328199	94861.26048293676	0.002 s
888	1.4841509938090525E-4	94844.00195989771	94858.07824187427	0.002 s
889	1.3488643303105619E-4	94842.12376310301	94854.91667887851	0.002 s
890	1.3916704016136983E-4	94847.42881927943	94860.62845521512	0.001 s
891	1.3913187094161117E-4	94844.27962646727	94857.47548853981	0.002 s
892	1.691521338929025E-4	94848.44811606302	94864.49193345828	0.002 s
893	1.4677249139749549E-4	94847.40205738644	94861.32304688898	0.002 s
894	1.3238643144419804E-4	94845.61834875205	94858.17462170337	0.002 s
895	1.47009735748993E-4	94847.35705960158	94861.30054449939	0.002 s
896	1.2997561861838314E-4	94845.83126574104	94858.15891133317	0.001 s
897	1.4724887239636608E-4	94847.3127866289	94861.27894648655	0.002 s
898	1.2757934526042014E-4	94846.0436783919	94858.14407454494	0.002 s
899	1.474898697002569E-4	94847.26923017365	94861.25824155383	0.001 s
900	1.2535420430581645E-4	94846.24072522363	94858.13010026114	0.001 s
901	1.6975722040801777E-4	94838.92244448118	94855.02203634185	0.001 s
902	1.5500071190155396E-4	94847.2439951039	94861.94538544504	0.002 s
903	1.3290880024841023E-4	94846.21583896404	94858.82173571929	0.002 s
904	1.4218697773893396E-4	94842.23272578725	94855.71805622055	0.004 s
905	1.331761875198456E-4	94846.17452031364	94858.80577223709	0.001 s
906	1.4329612056429575E-4	94842.11818242213	94855.70869002376	0.002 s
907	1.6268387643503246E-4	94847.17803945788	94862.60814605026	0.002 s
908	1.406826523404625E-4	94846.15244569723	94859.49565398757	0.001 s
909	1.3443912528621205E-4	94843.65224139777	94856.40293904406	0.001 s
910	1.3165534609083096E-4	94849.49971115869	94861.9871548697	0.001 s
911	1.4291644881425647E-4	94845.34770443753	94858.902664718	0.001 s
912	1.651027854938647E-4	94850.10338524666	94865.76340151996	0.002 s
913	1.2514105582983603E-4	94843.59527981767	94855.46410746968	0.001 s
914	1.46354861419562E-4	94844.64805946693	94858.52903479006	0.001 s
915	1.245918504015897E-4	94843.63952259107	94855.45626713801	0.001 s
916	1.6319584921919983E-4	94836.92591832392	94852.4029109865	0.002 s
917	1.537394590016561E-4	94844.63208419937	94859.2134466252	0.001 s
918	1.3201873739943082E-4	94843.62386427274	94856.14499974568	0.002 s
919	1.395280158691392E-4	94839.86304459933	94853.09586251524	0.002 s
920	1.3228561642297798E-4	94843.58872909588	94856.13517169468	0.001 s
921	1.3720119613402915E-4	94840.08022886112	94853.09240130997	0.001 s
922	1.612990671540082E-4	94844.58146913211	94859.8798116477	0.002 s
923	1.396660058967658E-4	94843.5756947842	94856.82211818646	0.002 s
924	1.3598678593185198E-4	94840.88644344063	94853.783550763	0.002 s
925	1.3078007999478558E-4	94846.87289651469	94859.27697813934	0.001 s
926	1.3889915777376416E-4	94843.07273473337	94856.2463576569	0.001 s
927	1.3104617153802955E-4	94846.83089021764	94859.26020428831	0.002 s
928	1.38468065868258E-4	94843.10313395446	94856.23587500636	0.002 s
929	1.598485665013083E-4	94847.80919565618	94862.9704819919	0.001 s
930	1.3837509275838045E-4	94846.80703324359	94859.93146896464	0.001 s
931	1.3041026403737277E-4	94844.54260654282	94856.91130838664	0.001 s
932	1.38621265120209E-4	94846.76506446861	94859.91284303441	0.002 s
933	1.2809935955804264E-4	94844.749380745	94856.89893239811	0.001 s
934	1.3886910287652654E-4	94846.72375899224	94859.89503843144	0.002 s
935	1.258018471004263E-4	94844.95567993668	94856.88735054937	0.001 s
936	1.39118578518449E-4	94846.68310949905	94859.87804523043	0.002 s
937	1.2351761869333622E-4	94845.1615046068	94856.87655310045	0.001 s
938	1.3936966491123748E-4	94846.64310876168	94859.8618536297	0.002 s
939	1.2124656747980467E-4	94845.36685526138	94856.86653043394	0.002 s
940	1.3962233529030144E-4	94846.60374963982	94859.8464539497	0.002 s
941	1.1958937083966781E-4	94845.51475761532	94856.85727305216	0.002 s
942	1.680331183842032E-4	94847.57144118306	94863.50897438348	0.001 s
943	1.4682147666444934E-4	94846.58001469265	94860.50552962697	0.002 s
944	1.256999903045397E-4	94845.59835577838	94857.52044657213	0.002 s
945	1.4407060783927506E-4	94840.88984209255	94854.55362674012	0.002 s
946	1.539974322481985E-4	94846.55947068383	94861.16559729989	0.002 s
947	1.3291580662744273E-4	94845.57813288245	94858.18460940503	0.002 s
948	1.3283606936131953E-4	94842.62327046577	94855.22179174893	0.002 s
949	1.2427094181743925E-4	94848.78855763847	94860.57550592277	0.002 s
950	1.4369000449976355E-4	94843.99210772701	94857.62024137974	0.002 s
951	1.5243078733129245E-4	94849.7386280761	94864.19664841334	0.002 s
952	1.3145813576698195E-4	94848.75873435679	94861.22737535981	0.002 s
953	1.3094863548590574E-4	94845.8561585354	94858.27609398085	0.001 s
954	1.317115907659705E-4	94848.71371529039	94861.20639025593	0.002 s
955	1.2868869724225185E-4	94846.05546226694	94858.26107758295	0.002 s
956	1.3196658657799176E-4	94848.66934581529	94861.18620095032	0.002 s
957	1.264415550459308E-4	94846.25432372068	94858.24683160766	0.002 s
958	1.3222309782801034E-4	94848.62561900807	94861.16679811214	0.002 s
959	1.2420710810223667E-4	94846.4527432844	94858.2333468934	0.001 s
960	1.324810994773884E-4	94848.58252802657	94861.14817252375	0.001 s
961	1.2356608439723082E-4	94846.50080366735	94858.22061439045	0.002 s
962	1.603283704292302E-4	94849.52515572298	94864.73222552719	0.001 s
963	1.395637865713173E-4	94848.55356727823	94861.79099056488	0.002 s
964	1.1888565039597232E-4	94847.59134440302	94858.8673619885	0.002 s
965	1.475384578157879E-4	94841.9684095718	94855.96124732716	0.001 s
966	1.4662395953735086E-4	94848.52769916071	94862.43476584826	0.002 s
967	1.2598399537577798E-4	94847.56578905083	94859.5150643406	0.002 s
968	1.324675486327198E-4	94844.04903075148	94856.61278942898	0.002 s
969	1.1787377399774535E-4	94850.6738657854	94861.85427268018	0.001 s
970	1.3834294597203645E-4	94851.61729366562	94864.73934583223	0.002 s
971	1.1781063438709438E-4	94850.65836917945	94861.83278541395	0.002 s
972	1.4868499950404512E-4	94844.8414938827	94858.94349909319	0.002 s
973	1.453559023316675E-4	94851.5817258175	94865.36896306684	0.002 s
974	1.2486123052446452E-4	94850.62313244244	94862.46629796278	0.002 s
975	1.3147115229461548E-4	94847.11116240737	94859.5808214037	0.002 s
976	1.2512103675210717E-4	94850.57537450484	94862.44317683224	0.002 s
977	1.292599511057979E-4	94847.30344851711	94859.56340632337	0.002 s
978	1.253822709093022E-4	94850.52825230848	94862.4208269377	0.001 s
979	1.2706098908954466E-4	94847.49532218931	94859.5467387576	0.001 s
980	1.256449095390355E-4	94850.48175929609	94862.39923949647	0.001 s
981	1.273976018438816E-4	94847.44747272981	94859.53081007884	0.001 s
982	1.529504737045606E-4	94851.40053645338	94865.90810309697	0.002 s
983	1.3261447058532383E-4	94850.44800645721	94863.02654840438	0.001 s
984	1.1911002018005767E-4	94848.86444030394	94860.16189046147	0.002 s
985	1.3285909032556553E-4	94850.40161277835	94863.00335085364	0.001 s
986	1.1748745201578537E-4	94849.00074890636	94860.1443163306	0.002 s
987	1.2455038082070935E-4	94853.4798474116	94865.29388444875	0.002 s
988	1.2867786254910918E-4	94850.23674648633	94862.44187221315	0.002 s
989	1.5638682444762964E-4	94853.93861849772	94868.77252474462	0.002 s
990	1.1775464500241029E-4	94848.09333299752	94859.2621365571	0.001 s
991	1.4591908819827637E-4	94842.5918707689	94856.43121529704	0.001 s
992	1.4475183441198247E-4	94849.00292447465	94862.73249164013	0.001 s
993	1.2465572360764732E-4	94848.06534195479	94859.88869617278	0.002 s
994	1.2481301177880155E-4	94845.22350982775	94857.06142782683	0.003 s
995	1.2491753180365883E-4	94848.02438987729	94859.87257098053	0.002 s
996	1.2266469804855795E-4	94845.41659367064	94857.05077805839	0.002 s
997	1.2518066177236165E-4	94847.98402292156	94859.85715632932	0.002 s
998	1.2352985477259715E-4	94845.32458737273	94857.04081654486	0.002 s
999	1.5200494470324344E-4	94848.89148504195	94863.3089855473	0.001 s
1000	1.3202272779433422E-4	94847.95787139714	94860.47995752105	0.002 s
1001	1.1915290503194953E-4	94846.36602604674	94857.66724609048	0.002 s
1002	1.2383398524362654E-4	94850.9937405198	94862.739517079	0.002 s
1003	1.2327174209558756E-4	94848.24150037504	94859.93360833949	0.001 s
1004	1.5053456326241665E-4	94851.89132158979	94866.1698096245	0.002 s
1005	1.3065026813485758E-4	94850.95904471647	94863.35134794851	0.002 s
1006	1.1657576216195231E-4	94849.49189903983	94860.54905084864	0.001 s
1007	1.3089389012677088E-4	94850.91243591119	94863.327840822	0.001 s
1008	1.1446698865413829E-4	94849.67376902883	94860.53092556	0.002 s
1009	1.3113887319482487E-4	94850.86642424585	94863.30505999028	0.002 s
1010	1.1236955785043357E-4	94849.85526854532	94860.51350484401	0.002 s
1011	1.313851959383605E-4	94850.82100375804	94863.28299746054	0.002 s
1012	1.116937564846765E-4	94849.90263891728	94860.49678084523	0.001 s
1013	1.5065983623374635E-4	94843.43736205249	94857.7264587933	0.002 s
1014	1.3812557548398274E-4	94850.78770351333	94863.88902314998	0.002 s
1015	1.1846875605825424E-4	94849.86963640968	94861.1063824778	0.001 s
1016	1.257195625441465E-4	94846.41551097773	94858.33956084466	0.001 s
1017	1.4484549857241014E-4	94850.75722254739	94864.49592776725	0.001 s
1018	1.2522319739827203E-4	94849.83946049392	94861.71686066387	0.001 s
1019	1.202963766087084E-4	94847.54372176752	94858.95353760748	0.001 s
1020	1.1719215348304779E-4	94852.81825157402	94863.93425760887	0.002 s
1021	1.2708806216688018E-4	94849.12330886368	94861.17750014323	0.002 s
1022	1.1745673633023479E-4	94852.7686128325	94863.90970946566	0.001 s
1023	1.2696284075630615E-4	94849.11584711788	94861.15816030905	0.002 s
1024	1.4869060678424084E-4	94853.16727735965	94867.27105235752	0.001 s
1025	1.109176859790395E-4	94847.568978132	94858.0892510038	0.002 s
1026	1.43621203368971E-4	94841.73607294048	94855.35735720488	0.001 s
1027	1.370066038166584E-4	94848.44798815029	94861.44285188643	0.002 s
1028	1.1760778270475392E-4	94847.54412963327	94858.69893899336	0.002 s
1029	1.253826395253288E-4	94844.07863655823	94855.97043748104	0.001 s
1030	1.1787227537030098E-4	94847.50512657009	94858.68501781255	0.001 s
1031	1.2330314925446118E-4	94844.2670201184	94855.9616169307	0.002 s
1032	1.1813796452719849E-4	94847.46666915528	94858.67175580814	0.001 s
1033	1.2200779411775109E-4	94844.38168171662	94855.95343551008	0.001 s
1034	1.4406536334354847E-4	94848.34368794656	94862.00804904249	0.002 s
1035	1.2477266036015067E-4	94847.44350959663	94859.27787745168	0.001 s
1036	1.20661888093343E-4	94845.11873651754	94856.56292762073	0.001 s
1037	1.1686918097031374E-4	94850.37718172086	94861.46226761681	0.002 s
1038	1.2285726560623544E-4	94847.10100497215	94858.7536604523	0.002 s
1039	1.1713384665479332E-4	94850.33335123377	94861.4435356357	0.002 s
1040	1.2324432428001408E-4	94847.05059434686	94858.7399550073	0.001 s
1041	1.4289252570409694E-4	94851.19898997359	94864.75251736333	0.001 s
1042	1.237268351839127E-4	94850.30172741934	94862.03725506831	0.002 s
1043	1.153718694966166E-4	94848.39418350013	94859.33702005583	0.003 s
1044	1.2397532328556338E-4	94850.25798694752	94862.01707834516	0.011 s
1045	1.1334002423923906E-4	94848.57170088787	94859.32184030351	0.003 s
1046	1.2422502542142055E-4	94850.21479759667	94861.99756794111	0.001 s
1047	1.113187252590464E-4	94848.74886561674	94859.30730743287	0.001 s
1048	1.2447592268460816E-4	94850.17215403964	94861.9787167353	0.001 s
1049	1.0930789648799788E-4	94848.92567789165	94859.29341444164	0.002 s
1050	1.2472799639917653E-4	94850.13005100618	94861.96051768566	0.001 s
1051	1.0730746255704915E-4	94849.10213792938	94859.28015440561	0.001 s
1052	1.2498122812143464E-4	94850.08848328238	94861.94296382845	0.001 s
1053	1.0733059008338763E-4	94849.08731196745	94859.26752047752	0.002 s
1054	1.1231356990815122E-4	94849.2167843465	94859.86963848655	0.001 s
1055	1.2706109809523802E-4	94845.15611161079	94857.20724129536	0.003 s
1056	1.377190330520417E-4	94850.07102503805	94863.13368510453	0.002 s
1057	1.188315445315169E-4	94849.18885236685	94860.45992797574	0.001 s
1058	1.1937926858518466E-4	94846.47806273907	94857.80076591809	0.002 s
1059	1.1110466417996179E-4	94852.05878588997	94862.59729202815	0.001 s
1060	1.268063452715129E-4	94847.9168956453	94859.94421334346	0.001 s
1061	1.3639909370999348E-4	94852.90421951415	94865.84206968546	0.001 s
1062	1.1759910487874059E-4	94852.02323270986	94863.17774573796	0.001 s
1063	1.1817838998728902E-4	94849.31874843437	94860.52788821544	0.001 s
1064	1.1785107174766551E-4	94851.97675558088	94863.15516269891	0.001 s
1065	1.1617574243771855E-4	94849.49090873163	94860.5101187578	0.001 s
1066	1.1810418845636939E-4	94851.9308236063	94863.13323391974	0.001 s
1067	1.14183295730097E-4	94849.66273808591	94860.49298517623	0.001 s
1068	1.1835843719021355E-4	94851.88543166494	94863.11195258918	0.001 s
1069	1.1220097766440063E-4	94849.8342366371	94860.47648076976	0.001 s
1070	1.1861380034794422E-4	94851.84057468928	94863.09131196985	0.002 s
1071	1.1022871669053025E-4	94850.00540453645	94860.46059891029	0.001 s
1072	1.1887026054457905E-4	94851.79624766458	94863.07130539767	0.001 s
1073	1.103985582797673E-4	94849.97403265581	94860.44533304189	0.001 s
1074	1.4386213783601498E-4	94852.63380241985	94866.27950509805	0.001 s
1075	1.2526313143923495E-4	94851.76114103221	94863.64256965526	0.001 s
1076	1.0673352715429019E-4	94850.89599926116	94861.0197699449	0.001 s
1077	1.319153312386856E-4	94845.89941121402	94858.41103945147	0.001 s
1078	1.316376050746193E-4	94851.7285694477	94864.21462383377	0.001 s
1079	1.1313864965201148E-4	94850.86369619804	94861.59499483494	0.002 s
1080	1.1815552399907503E-4	94847.78258269385	94858.98937214506	0.001 s
1081	1.0558066243060438E-4	94853.67259462056	94863.68730820707	0.001 s
1082	1.3164881631966274E-4	94848.60081916206	94861.08752518948	0.002 s
1083	1.3049954522648122E-4	94854.48522354924	94866.86369073362	0.001 s
1084	1.1034138264442994E-4	94847.71833144654	94858.18395982789	0.001 s
1085	1.1804000748938392E-4	94849.567950976	94860.7639946873	0.001 s
1086	1.0840064124817417E-4	94847.89098307063	94858.17255527423	0.001 s
1087	1.18295337007579E-4	94849.52831674904	94860.74857366628	0.001 s
1088	1.0691441114918376E-4	94848.02111378961	94858.16173411565	0.001 s
1089	1.1079288927673403E-4	94852.32029146358	94862.82925408328	0.002 s
1090	1.2864387439059932E-4	94848.04654631705	94860.24816650315	0.001 s
1091	1.353726753050566E-4	94853.13993185209	94865.98045516574	0.001 s
1092	1.1709005944449125E-4	94852.28248404876	94863.38874344327	0.001 s
1093	1.0807654259825661E-4	94850.55959478373	94860.81071532825	0.000 s
1094	1.1734441254329653E-4	94852.23804236045	94863.36842251194	0.001 s
1095	1.0695550032724377E-4	94850.65014886651	94860.79494760955	0.002 s
1096	1.4182855642652648E-4	94853.05794493036	94866.51081721133	0.001 s
1097	1.236081086983809E-4	94852.20231603042	94863.92681736458	0.002 s
1098	1.0545428981201255E-4	94851.35390925655	94861.35639142076	0.001 s
1099	1.2805087779943491E-4	94846.65427945055	94858.79947678738	0.001 s
1100	1.2985417231003993E-4	94852.16903214966	94864.48598205113	0.001 s
1101	1.1172977256967975E-4	94851.32088670763	94861.91860321823	0.001 s
1102	1.150502528672881E-4	94848.45233805937	94859.36467648494	0.001 s
1103	1.1198574188786559E-4	94851.277645491	94861.89963618715	0.001 s
1104	1.1312661702778115E-4	94848.62027642355	94859.35017996517	0.002 s
1105	1.1224272683429959E-4	94851.2349047011	94861.8812659504	0.001 s
1106	1.1121243582623563E-4	94848.7878990507	94859.33626378812	0.001 s
1107	1.1250071174950804E-4	94851.19265978338	94861.8634864679	0.001 s
1108	1.0939008892596469E-4	94848.94738721938	94859.32292200859	0.002 s
1109	1.367122498487916E-4	94852.004221812	94864.97165271183	0.001 s
1110	1.187120255945473E-4	94851.16082628485	94862.42079971654	0.001 s
1111	1.0770910022439573E-4	94849.667024209	94859.88319650076	0.001 s
1112	1.1135153947572363E-4	94853.8904407733	94864.45256749915	0.001 s
1113	1.1088130150183062E-4	94851.40325388827	94861.92050093034	0.001 s
1114	1.1160847367652771E-4	94853.84360017405	94864.43009288062	0.000 s
1115	1.1062992728860799E-4	94851.40901532002	94861.9024198026	0.000 s
1116	1.3567277947945655E-4	94854.64533797414	94867.51453135369	0.001 s
1117	1.1778315345956081E-4	94853.80452686266	94864.97670707747	0.001 s
1118	1.0396175571569799E-4	94852.59093265116	94862.4519745387	0.001 s
1119	1.1802588375275924E-4	94853.75781703432	94864.95301562794	0.002 s
1120	1.0208834765501607E-4	94852.74929187467	94862.4326523204	0.001 s
1121	1.1826963013117364E-4	94853.7116067556	94864.92992014391	0.001 s
1122	1.0050571204800463E-4	94852.8806538673	94862.41391017722	0.002 s
1123	1.340487783221267E-4	94847.1966897481	94859.91084059165	0.001 s
1124	1.2439704425126763E-4	94853.67415965498	94865.47367635682	0.001 s
1125	1.0666128992387058E-4	94852.84346208024	94862.96058871686	0.004 s
1126	1.1393471585718906E-4	94849.65371760711	94860.46038595258	0.001 s
1127	1.0692154935565412E-4	94852.79881225915	94862.94062046889	0.001 s
1128	1.1298609922905101E-4	94849.72800090804	94860.4447016878	0.000 s
1129	1.307224242688143E-4	94853.59258166871	94865.99207324159	0.001 s
1130	1.1304514099830243E-4	94852.76358323469	94863.48622726803	0.002 s
1131	1.0785079499342487E-4	94850.7634356865	94860.99316592877	0.001 s
1132	1.058252113943503E-4	94855.44243049566	94865.48052774278	0.001 s
1133	1.135971151671189E-4	94852.21787147291	94862.9928097903	0.001 s
1134	1.0608435598102872E-4	94855.39338360872	94865.45605692716	0.001 s
1135	1.1418681236641248E-4	94852.14171730723	94862.97258101606	0.001 s
1136	1.3553077220107568E-4	94855.6287733678	94868.48462998308	0.001 s
1137	1.001955856769765E-4	94850.69794084312	94860.20156207518	0.000 s
1138	1.2921451196934441E-4	94845.47867285446	94857.73408509366	0.001 s
1139	1.2376201567243506E-4	94851.48484904683	94863.22386000128	0.001 s
1140	1.0626633411003894E-4	94850.66718856648	94860.7466212565	0.001 s
1141	1.1214000999726359E-4	94847.64570740584	94858.28192334369	0.001 s
1142	1.065251647252019E-4	94850.62685495097	94860.73083360099	0.001 s
1143	1.102894345532679E-4	94847.80958724169	94858.27029852968	0.001 s
1144	1.0678489563331617E-4	94850.58698221607	94860.71559224772	0.001 s
1145	1.0981769727091972E-4	94847.84323350168	94858.2592052367	0.001 s
1146	1.3021937170876186E-4	94851.37233961429	94863.72382572608	0.001 s
1147	1.12810046867029E-4	94850.55770405973	94861.25779991968	0.001 s
1148	1.0835592404512262E-4	94848.52677585537	94858.80417561848	0.001 s
1149	1.0569339832700031E-4	94853.20001904252	94863.22537609472	0.001 s
1150	1.0997014444136255E-4	94850.3462248349	94860.77693110955	0.001 s
1151	1.0595203725793922E-4	94853.15583131561	94863.20571641628	0.001 s
1152	1.1101067797647524E-4	94850.2319909849	94860.76137954445	0.001 s
1153	1.2924856508322868E-4	94853.93198799984	94866.1917226018	0.001 s
1154	1.119427221083491E-4	94853.11975507092	94863.73787149678	0.001 s
1155	1.0327720492186998E-4	94851.50028091401	94861.29627874566	0.001 s
1156	1.1218796857104252E-4	94853.07568027983	94863.71705415311	0.001 s
1157	1.0146479948813791E-4	94851.65544341109	94861.27954761178	0.001 s
1158	1.1243413116490686E-4	94853.03206982018	94863.69678806931	0.001 s
1159	9.966091302793245E-5	94851.81033534321	94861.26335336358	0.001 s
