Link	LinkState	VOT	VOTFlow	TotalCostForThisVOT
79235	7923501	10.0	1049.769375921375	0.002683652360346008
79235	7923501	20.0	1049.769375921375	0.005367304720692016
79235	7923501	25.0	524.8846879606875	0.0067091309008650195
79235	7923501	15.0	2099.53875184275	0.004025478540519012
79235	7923501	30.0	524.8846879606875	0.008050957081038024
79237	7923701	10.0	0.0	6.444444444444444E-4
79237	7923701	20.0	0.0	0.001288888888888889
79237	7923701	25.0	0.0	0.0016111111111111111
79237	7923701	15.0	0.0	9.666666666666667E-4
79237	7923701	30.0	0.0	0.0019333333333333333
75397	7539701	10.0	2947.394000000005	0.00894463175841303
75397	7539701	20.0	2947.394000000005	0.01788926351682606
75397	7539701	25.0	1473.6970000000024	0.022361579396032574
75397	7539701	15.0	5894.78800000001	0.013416947637619546
75397	7539701	30.0	1473.6970000000024	0.026833895275239092
75399	7539901	10.0	2947.394000000005	6.016286743890583E-4
75399	7539901	20.0	2947.394000000005	0.0012032573487781165
75399	7539901	25.0	1473.6970000000024	0.0015040716859726455
75399	7539901	15.0	5894.78800000001	9.024430115835873E-4
75399	7539901	30.0	1473.6970000000024	0.0018048860231671747
79497	7949701	10.0	0.0	0.06479644444444445
79497	7949701	20.0	0.0	0.0654408888888889
79497	7949701	25.0	0.0	0.0657631111111111
79497	7949701	15.0	0.0	0.06511866666666667
79497	7949701	30.0	0.0	0.06608533333333333
79499	7949901	10.0	47.96000000000004	0.001095239808510467
79499	7949901	20.0	47.96000000000004	0.002190479617020934
79499	7949901	25.0	23.98000000000002	0.002738099521276167
79499	7949901	15.0	95.92000000000009	0.0016428597127657004
79499	7949901	30.0	23.98000000000002	0.003285719425531401
79498	7949801	10.0	0.0	3.111111111111111E-4
79498	7949801	20.0	0.0	6.222222222222223E-4
79498	7949801	25.0	0.0	7.777777777777777E-4
79498	7949801	15.0	0.0	4.6666666666666666E-4
79498	7949801	30.0	0.0	9.333333333333333E-4
79245	7924501	10.0	4194.700624078628	0.0032553245764752603
79245	7924501	20.0	4194.700624078628	0.006510649152950521
79245	7924501	25.0	2097.350312039314	0.00813831144118815
79245	7924501	15.0	8389.401248157255	0.0048829868647128905
79245	7924501	30.0	2097.350312039314	0.009765973729425781
79500	7950001	10.0	1597.8237837837855	0.0013150652245362308
79500	7950001	20.0	1597.8237837837855	0.0026301304490724616
79500	7950001	25.0	798.9118918918928	0.003287663061340577
79500	7950001	15.0	3195.647567567571	0.0019725978368043463
79500	7950001	30.0	798.9118918918928	0.0039451956736086926
79246	7924601	10.0	1049.769375921375	1.9878906372933393E-4
79246	7924601	20.0	1049.769375921375	3.9757812745866785E-4
79246	7924601	25.0	524.8846879606875	4.969726593233348E-4
79246	7924601	15.0	2099.53875184275	2.9818359559400086E-4
79246	7924601	30.0	524.8846879606875	5.963671911880017E-4
75409	7540901	10.0	1049.769375921375	0.0026339550944136747
75409	7540901	20.0	1049.769375921375	0.005267910188827349
75409	7540901	25.0	524.8846879606875	0.006584887736034186
75409	7540901	15.0	2099.53875184275	0.003950932641620512
75409	7540901	30.0	524.8846879606875	0.007901865283241024
90001	9000101	10.0	47.96000000000004	0.0
90001	9000101	20.0	47.96000000000004	0.0
90001	9000101	25.0	23.98000000000002	0.0
90001	9000101	15.0	95.92000000000009	0.0
90001	9000101	30.0	23.98000000000002	0.0
75411	7541101	10.0	1247.306624078624	0.0012475725812798233
75411	7541101	20.0	1247.306624078624	0.0024951451625596466
75411	7541101	25.0	623.653312039312	0.003118931453199558
75411	7541101	15.0	2494.613248157248	0.0018713588719197348
75411	7541101	30.0	623.653312039312	0.0037427177438394696
90003	9000301	10.0	0.0	0.0
90003	9000301	20.0	0.0	0.0
90003	9000301	25.0	0.0	0.0
90003	9000301	15.0	0.0	0.0
90003	9000301	30.0	0.0	0.0
90002	9000201	10.0	0.0	0.0
90002	9000201	20.0	0.0	0.0
90002	9000201	25.0	0.0	0.0
90002	9000201	15.0	0.0	0.0
90002	9000201	30.0	0.0	0.0
79509	7950901	10.0	0.0	0.001380952777777778
79509	7950901	20.0	0.0	0.002761905555555556
79509	7950901	25.0	0.0	0.003452381944444444
79509	7950901	15.0	0.0	0.0020714291666666666
79509	7950901	30.0	0.0	0.004142858333333333
90005	9000501	10.0	5292.4299999999985	0.0
90005	9000501	20.0	5292.4299999999985	0.0
90005	9000501	25.0	2646.2149999999992	0.0
90005	9000501	15.0	10584.859999999997	0.0
90005	9000501	30.0	2646.2149999999992	0.0
75412	7541201	10.0	2947.394000000005	7.534639629942574E-4
75412	7541201	20.0	2947.394000000005	0.0015069279259885147
75412	7541201	25.0	1473.6970000000024	0.0018836599074856433
75412	7541201	15.0	5894.78800000001	0.001130195944491386
75412	7541201	30.0	1473.6970000000024	0.002260391888982772
90004	9000401	10.0	5292.4299999999985	0.0
90004	9000401	20.0	5292.4299999999985	0.0
90004	9000401	25.0	2646.2149999999992	0.0
90004	9000401	15.0	10584.859999999997	0.0
90004	9000401	30.0	2646.2149999999992	0.0
79511	7951101	10.0	5292.4299999999985	0.001326591554770803
79511	7951101	20.0	5292.4299999999985	0.002653183109541606
79511	7951101	25.0	2646.2149999999992	0.0033164788869270074
79511	7951101	15.0	10584.859999999997	0.0019898873321562045
79511	7951101	30.0	2646.2149999999992	0.003979774664312409
79510	7951001	10.0	0.0	0.15640455555555555
79510	7951001	20.0	0.0	0.1579601111111111
79510	7951001	25.0	0.0	0.15873788888888887
79510	7951001	15.0	0.0	0.1571823333333333
79510	7951001	30.0	0.0	0.15951566666666667
79899	7989901	10.0	1247.306624078624	3.9802733942030747E-4
79899	7989901	20.0	1247.306624078624	7.960546788406149E-4
79899	7989901	25.0	623.653312039312	9.950683485507685E-4
79899	7989901	15.0	2494.613248157248	5.970410091304612E-4
79899	7989901	30.0	623.653312039312	0.0011940820182609225
79515	7951501	10.0	0.0	5.777777777777778E-4
79515	7951501	20.0	0.0	0.0011555555555555555
79515	7951501	25.0	0.0	0.0014444444444444444
79515	7951501	15.0	0.0	8.666666666666666E-4
79515	7951501	30.0	0.0	0.0017333333333333333
79258	7925801	10.0	3958.9183980343973	8.995859742748392E-4
79258	7925801	20.0	3958.9183980343973	0.0017991719485496785
79258	7925801	25.0	1979.4591990171987	0.0022489649356870977
79258	7925801	15.0	7917.836796068795	0.0013493789614122587
79258	7925801	30.0	1979.4591990171987	0.0026987579228245173
79517	7951701	10.0	893.194594594595	0.0010345512749220668
79517	7951701	20.0	893.194594594595	0.0020691025498441335
79517	7951701	25.0	446.5972972972975	0.002586378187305167
79517	7951701	15.0	1786.38918918919	0.0015518269123831001
79517	7951701	30.0	446.5972972972975	0.0031036538247662003
79901	7990101	10.0	2947.394000000005	3.5463940905074604E-4
79901	7990101	20.0	2947.394000000005	7.092788181014921E-4
79901	7990101	25.0	1473.6970000000024	8.86598522626865E-4
79901	7990101	15.0	5894.78800000001	5.31959113576119E-4
79901	7990101	30.0	1473.6970000000024	0.001063918227152238
79900	7990001	10.0	0.0	6.444444444444444E-4
79900	7990001	20.0	0.0	0.001288888888888889
79900	7990001	25.0	0.0	0.0016111111111111111
79900	7990001	15.0	0.0	9.666666666666667E-4
79900	7990001	30.0	0.0	0.0019333333333333333
79260	7926001	10.0	1285.551601965602	2.1397724794789143E-4
79260	7926001	20.0	1285.551601965602	4.2795449589578285E-4
79260	7926001	25.0	642.775800982801	5.349431198697285E-4
79260	7926001	15.0	2571.103203931204	3.2096587192183713E-4
79260	7926001	30.0	642.775800982801	6.419317438436743E-4
79516	7951601	10.0	0.0	9.523805555555556E-4
79516	7951601	20.0	0.0	0.0019047611111111112
79516	7951601	25.0	0.0	0.002380951388888889
79516	7951601	15.0	0.0	0.0014285708333333334
79516	7951601	30.0	0.0	0.002857141666666667
79903	7990301	10.0	0.0	0.001088888888888889
79903	7990301	20.0	0.0	0.002177777777777778
79903	7990301	25.0	0.0	0.0027222222222222222
79903	7990301	15.0	0.0	0.0016333333333333334
79903	7990301	30.0	0.0	0.003266666666666667
79519	7951901	10.0	893.194594594595	7.28538088127124E-4
79519	7951901	20.0	893.194594594595	0.001457076176254248
79519	7951901	25.0	446.5972972972975	0.0018213452203178098
79519	7951901	15.0	1786.38918918919	0.001092807132190686
79519	7951901	30.0	446.5972972972975	0.002185614264381372
79902	7990201	10.0	0.0	0.0016222222222222222
79902	7990201	20.0	0.0	0.0032444444444444443
79902	7990201	25.0	0.0	0.004055555555555555
79902	7990201	15.0	0.0	0.0024333333333333334
79902	7990201	30.0	0.0	0.004866666666666667
79518	7951801	10.0	4399.235405405405	0.0015387318471044313
79518	7951801	20.0	4399.235405405405	0.0030774636942088626
79518	7951801	25.0	2199.6177027027024	0.003846829617761078
79518	7951801	15.0	8798.47081081081	0.002308097770656647
79518	7951801	30.0	2199.6177027027024	0.004616195541313294
79264	7926401	10.0	0.0	7.333333333333334E-4
79264	7926401	20.0	0.0	0.001466666666666667
79264	7926401	25.0	0.0	0.0018333333333333333
79264	7926401	15.0	0.0	0.0011
79264	7926401	30.0	0.0	0.0022
79269	7926901	10.0	644.7988452088457	0.0011129489985912116
79269	7926901	20.0	644.7988452088457	0.002225897997182423
79269	7926901	25.0	319.5774619164622	0.002782372496478029
79269	7926901	15.0	1289.5976904176914	0.0016694234978868175
79269	7926901	30.0	322.39942260442285	0.003338846995773635
79525	7952501	10.0	4399.235405405405	4.517304364881915E-4
79525	7952501	20.0	4399.235405405405	9.03460872976383E-4
79525	7952501	25.0	2199.6177027027024	0.0011293260912204788
79525	7952501	15.0	8798.47081081081	6.775956547322873E-4
79525	7952501	30.0	2199.6177027027024	0.0013551913094645746
79268	7926801	10.0	640.7527567567566	0.0012407719083593412
79268	7926801	20.0	640.7527567567566	0.0024815438167186824
79268	7926801	25.0	323.19833906633914	0.0031019297708983528
79268	7926801	15.0	1281.5055135135133	0.0018611578625390118
79268	7926801	30.0	320.3763783783783	0.0037223157250780236
79273	7927301	10.0	1285.551601965602	2.714050687603981E-4
79273	7927301	20.0	1285.551601965602	5.428101375207962E-4
79273	7927301	25.0	642.775800982801	6.785126719009952E-4
79273	7927301	15.0	2571.103203931204	4.071076031405971E-4
79273	7927301	30.0	642.775800982801	8.142152062811942E-4
79531	7953101	10.0	0.0	0.0017142861111111112
79531	7953101	20.0	0.0	0.0034285722222222224
79531	7953101	25.0	0.0	0.004285715277777777
79531	7953101	15.0	0.0	0.0025714291666666667
79531	7953101	30.0	0.0	0.005142858333333333
79274	7927401	10.0	1285.551601965602	3.6187342501386413E-4
79274	7927401	20.0	1285.551601965602	7.237468500277283E-4
79274	7927401	25.0	642.775800982801	9.046835625346602E-4
79274	7927401	15.0	2571.103203931204	5.428101375207962E-4
79274	7927401	30.0	642.775800982801	0.0010856202750415924
79279	7927901	10.0	644.7988452088457	8.56114614300932E-4
79279	7927901	20.0	644.7988452088457	0.001712229228601864
79279	7927901	25.0	319.5774619164622	0.00214028653575233
79279	7927901	15.0	1289.5976904176914	0.001284171921451398
79279	7927901	30.0	322.39942260442285	0.002568343842902796
79278	7927801	10.0	640.7527567567566	7.273490497278897E-4
79278	7927801	20.0	640.7527567567566	0.0014546980994557795
79278	7927801	25.0	323.19833906633914	0.0018183726243197241
79278	7927801	15.0	1281.5055135135133	0.0010910235745918346
79278	7927801	30.0	320.3763783783783	0.0021820471491836692
75317	7531701	10.0	1049.769375921375	9.825839465574873E-4
75317	7531701	20.0	1049.769375921375	0.0019651678931149746
75317	7531701	25.0	524.8846879606875	0.0024564598663937183
75317	7531701	15.0	2099.53875184275	0.001473875919836231
75317	7531701	30.0	524.8846879606875	0.002947751839672462
75316	7531601	10.0	2297.076000000002	7.123342098191427E-4
75316	7531601	20.0	2297.076000000002	0.0014246684196382853
75316	7531601	25.0	1148.538000000001	0.0017808355245478562
75316	7531601	15.0	4594.152000000004	0.001068501314728714
75316	7531601	30.0	1148.538000000001	0.002137002629457428
79288	7928801	10.0	1285.551601965602	1.7118179835831315E-4
79288	7928801	20.0	1285.551601965602	3.423635967166263E-4
79288	7928801	25.0	642.775800982801	4.2795449589578285E-4
79288	7928801	15.0	2571.103203931204	2.5677269753746973E-4
79288	7928801	30.0	642.775800982801	5.135453950749395E-4
79292	7929201	10.0	1274.2637592137594	4.393996899617604E-4
79292	7929201	20.0	1274.2637592137594	8.787993799235208E-4
79292	7929201	25.0	637.1318796068797	0.0010984992249044008
79292	7929201	15.0	2548.5275184275188	6.590995349426405E-4
79292	7929201	30.0	637.1318796068797	0.001318199069885281
79294	7929401	10.0	3970.206240786242	0.0033523333103830356
79294	7929401	20.0	3970.206240786242	0.006704666620766071
79294	7929401	25.0	1985.103120393121	0.008380833275957587
79294	7929401	15.0	7940.412481572484	0.005028499965574553
79294	7929401	30.0	1985.103120393121	0.010056999931149106
79298	7929801	10.0	1274.2637592137594	0.0019397523602371779
79298	7929801	20.0	1274.2637592137594	0.0038795047204743557
79298	7929801	25.0	637.1318796068797	0.004849380900592944
79298	7929801	15.0	2548.5275184275188	0.0029096285403557667
79298	7929801	30.0	637.1318796068797	0.005819257080711533
79300	7930001	10.0	11.28784275184277	5.757583353600636E-4
79300	7930001	20.0	11.28784275184277	0.0011515166707201272
79300	7930001	25.0	5.643921375921385	0.001439395838400159
79300	7930001	15.0	22.57568550368554	8.636375030400954E-4
79300	7930001	30.0	5.643921375921385	0.0017272750060801907
79304	7930401	10.0	1274.2637592137594	0.0015240489227186696
79304	7930401	20.0	1274.2637592137594	0.003048097845437339
79304	7930401	25.0	637.1318796068797	0.0038101223067966736
79304	7930401	15.0	2548.5275184275188	0.0022860733840780042
79304	7930401	30.0	637.1318796068797	0.0045721467681560084
75236	7523601	10.0	1049.769375921375	8.448535208496692E-4
75236	7523601	20.0	1049.769375921375	0.0016897070416993384
75236	7523601	25.0	524.8846879606875	0.0021121338021241726
75236	7523601	15.0	2099.53875184275	0.0012672802812745037
75236	7523601	30.0	524.8846879606875	0.0025345605625490073
79207	7920701	10.0	0.0	0.3507928888888889
79207	7920701	20.0	0.0	0.3542817777777778
79207	7920701	25.0	0.0	0.35602622222222224
79207	7920701	15.0	0.0	0.3525373333333333
79207	7920701	30.0	0.0	0.3577706666666667
79209	7920901	10.0	0.0	9.111111111111112E-4
79209	7920901	20.0	0.0	0.0018222222222222225
79209	7920901	25.0	0.0	0.002277777777777778
79209	7920901	15.0	0.0	0.0013666666666666666
79209	7920901	30.0	0.0	0.0027333333333333333
75240	7524001	10.0	1247.306624078624	7.960546788406149E-4
75240	7524001	20.0	1247.306624078624	0.0015921093576812299
75240	7524001	25.0	623.653312039312	0.001990136697101537
75240	7524001	15.0	2494.613248157248	0.0011940820182609225
75240	7524001	30.0	623.653312039312	0.002388164036521845
79210	7921001	10.0	5244.469999999994	0.0011719837362673506
79210	7921001	20.0	5244.469999999994	0.0023439674725347012
79210	7921001	25.0	2622.234999999997	0.002929959340668376
79210	7921001	15.0	10488.939999999988	0.0017579756044010257
79210	7921001	30.0	2622.234999999997	0.0035159512088020514
79477	7947701	10.0	0.0	0.13406133333333334
79477	7947701	20.0	0.0	0.1353946666666667
79477	7947701	25.0	0.0	0.13606133333333334
79477	7947701	15.0	0.0	0.13472800000000001
79477	7947701	30.0	0.0	0.13672800000000002
79479	7947901	10.0	752.5891891891896	9.723257874376576E-4
79479	7947901	20.0	752.5891891891896	0.0019446515748753153
79479	7947901	25.0	376.2945945945948	0.002430814468594144
79479	7947901	15.0	1505.1783783783792	0.0014584886811564864
79479	7947901	30.0	376.2945945945948	0.002916977362312973
75385	7538501	10.0	4194.700624078628	0.0027456391702932416
75385	7538501	20.0	4194.700624078628	0.005491278340586483
75385	7538501	25.0	2097.350312039314	0.0068640979257331034
75385	7538501	15.0	8389.401248157255	0.004118458755439862
75385	7538501	30.0	2097.350312039314	0.008236917510879724
79225	7922501	10.0	1049.769375921375	0.001888496105428672
79225	7922501	20.0	1049.769375921375	0.003776992210857344
79225	7922501	25.0	524.8846879606875	0.00472124026357168
79225	7922501	15.0	2099.53875184275	0.002832744158143008
79225	7922501	30.0	524.8846879606875	0.005665488316286016
79224	7922401	10.0	0.0	0.16980988888888887
79224	7922401	20.0	0.0	0.17149877777777778
79224	7922401	25.0	0.0	0.1723432222222222
79224	7922401	15.0	0.0	0.17065433333333332
79224	7922401	30.0	0.0	0.17318766666666666
79480	7948001	10.0	893.194594594595	0.0012142282580771386
79480	7948001	20.0	893.194594594595	0.002428456516154277
79480	7948001	25.0	446.5972972972975	0.003035570645192846
79480	7948001	15.0	1786.38918918919	0.0018213423871157076
79480	7948001	30.0	446.5972972972975	0.0036426847742314153
79227	7922701	10.0	3958.9183980343973	0.004620937324988582
79227	7922701	20.0	3958.9183980343973	0.009241874649977165
79227	7922701	25.0	1979.4591990171987	0.011552343312471456
79227	7922701	15.0	7917.836796068795	0.006931405987482874
79227	7922701	30.0	1979.4591990171987	0.013862811974965748
79226	7922601	10.0	235.78222604422612	0.002000083765690562
79226	7922601	20.0	235.78222604422612	0.004000167531381124
79226	7922601	25.0	117.89111302211306	0.005000209414226403
79226	7922601	15.0	471.56445208845224	0.0030001256485358424
79226	7922601	30.0	117.89111302211306	0.006000251297071685
79482	7948201	10.0	3646.6462162162175	0.003442581183097766
79482	7948201	20.0	3646.6462162162175	0.006885162366195532
79482	7948201	25.0	1823.3231081081087	0.008606452957744414
79482	7948201	15.0	7293.292432432435	0.0051638717746466485
79482	7948201	30.0	1823.3231081081087	0.010327743549293297
75386	7538601	10.0	2947.394000000005	0.002160076131915598
75386	7538601	20.0	2947.394000000005	0.004320152263831196
75386	7538601	25.0	1473.6970000000024	0.005400190329788995
75386	7538601	15.0	5894.78800000001	0.0032401141978733966
75386	7538601	30.0	1473.6970000000024	0.006480228395746793
79231	7923101	10.0	1049.769375921375	0.001242431648308337
79231	7923101	20.0	1049.769375921375	0.002484863296616674
79231	7923101	25.0	524.8846879606875	0.0031060791207708424
79231	7923101	15.0	2099.53875184275	0.0018636474724625055
79231	7923101	30.0	524.8846879606875	0.003727294944925011
79487	7948701	10.0	1645.783783783786	0.001174939855386643
79487	7948701	20.0	1645.783783783786	0.002349879710773286
79487	7948701	25.0	822.891891891893	0.0029373496384666074
79487	7948701	15.0	3291.567567567572	0.0017624097830799645
79487	7948701	30.0	822.891891891893	0.003524819566159929
